324
1023
1023
1023
1023
1023
1023
1023
1023
1023
1023
1023
1023
1023
1023
1023
1023
1023
1023
1023
1023
1023
1023
1023
1023
1023
1023
1023
1023
963
789
619
466
336
217
176
207
234
255
272
289
307
324
342
357
370
381
391
403
416
432
450
467
482
496
508
517
523
527
531
533
535
538
541
545
546
546
543
540
538
535
531
525
518
508
498
490
482
475
469
461
450
438
428
420
415
413
414
415
415
414
412
411
410
410
410
410
410
410
410
411
413
416
420
426
433
439
444
448
451
455
462
471
483
496
510
524
535
546
558
570
585
600
617
636
654
671
687
702
717
731
746
761
777
793
808
822
836
850
866
883
902
920
937
953
968
981
995
1010
1023
1023
1023
1023
1023
1023
1023
1023
1023
1023
1023
1023
1023
1023
1023
1023
1023
1023
1023
1023
1023
1023
1023
1023
1023
1023
1023
1023
1023
1023
1023
1023
1023
1023
1023
1023
1023
1023
1023
1023
1023
1023
1023
1023
1023
1023
1023
1023
1023
1023
1023
1023
1023
1023
1023
1023
1023
1023
1023
1023
1023
1023
1023
1023
1023
1023
1023
1023
1023
1023
1023
1023
1023
1023
1023
1023
1023
1023
1023
1023
1023
1023
1023
1023
1023
1023
1023
1023
1023
1023
1023
1023
1023
1023
1023
1023
1023
1023
1023
1023
1023
1023
1023
1023
1023
1023
1023
1023
1023
1023
1023
1023
1023
1023
1023
1023
1023
1023
1023
1023
1023
1023
1023
1023
1023
1023
1023
1023
1023
1023
1023
1023
1023
1023
1023
1023
1023
1023
1023
1023
1023
1023
1023
1023
1023
1023
1023
1023
1023
1023
1023
1023
1023
1023
1023
1023
1023
1023
1023
1023
1023
1023
1023
1023
1023
1023
1023
1023
1023
1023
1023
1023
1023
1023
1023
1023
1023
1023
1023
1023
1023
1023
1023
1023
1023
1023
1023
1023
1023
1023
1023
1023
1023
1023
1023
1023
1023
1023
1023
1023
1023
1023
1023
1023
1023
1023
1023
1023
1023
1023
1023
1023
1023
1023
1023
1023
1023
1023
1023
1023
1023
1023
1023
1023
1023
1023
1023
1023
1023
1023
1023
1023
1023
1023
1023
1023
1018
1006
994
982
970
959
947
936
925
914
903
892
882
871
861
850
840
830
820
810
801
792
782
773
764
755
746
737
729
720
712
703
696
688
680
672
664
657
649
642
634
627
619
612
605
597
590
583
577
570
563
556
550
543
536
530
524
519
513
507
501
495
489
483
477
471
466
461
456
451
446
440
435
431
426
421
416
411
406
402
398
394
389
385
381
376
372
368
364
360
356
352
348
344
341
337
334
330
327
324
320
317
313
310
307
303
300
297
293
290
287
283
280
277
275
272
269
267
264
262
258
256
253
250
248
245
243
240
237
235
231
228
225
222
219
217
215
212
210
208
207
205
203
201
199
197
195
193
191
189
188
186
184
182
181
179
177
176
174
173
171
169
168
166
164
163
161
160
158
157
156
154
153
152
151
727
1023
1023
1023
1023
1023
1023
1023
1023
1023
1023
1023
1023
1023
1023
1023
1023
1023
1023
1023
1023
1023
1023
1023
1023
1023
1023
1023
1023
1023
1023
1023
975
912
863
829
804
774
733
685
639
596
555
518
480
437
393
350
309
268
226
182
151
157
164
170
176
183
191
199
207
216
223
230
238
245
253
261
269
277
286
295
305
315
325
336
345
355
364
373
381
388
396
405
413
421
430
439
449
459
469
479
489
499
509
519
529
539
549
558
568
578
587
597
608
618
630
641
652
664
674
685
695
705
715
725
735
746
757
768
777
786
794
802
811
820
829
838
847
855
863
871
878
886
893
900
907
914
920
926
932
938
944
950
953
955
957
960
964
974
985
992
992
984
975
970
971
980
992
1004
1012
1017
1018
1019
1019
1018
1023
1023
1023
1023
1023
1023
1023
1023
1023
1023
1023
1023
1023
1023
1023
1023
1023
1023
1023
1023
1023
1023
1023
1023
1023
1023
1023
1023
1023
1023
1023
1023
1023
1023
1023
1023
1023
1023
1023
1023
1023
1023
1023
1023
1023
1023
1023
1023
1023
1023
1023
1023
1023
1023
1023
1023
1023
1023
1023
1023
1023
1023
1023
1023
1023
1023
1023
1023
1023
1023
1023
1023
1023
1023
1023
1023
1023
1023
1023
1023
1023
1023
1023
1023
1023
1023
1023
1023
1023
1023
1023
1023
1023
1023
1023
1023
1023
1023
1023
1023
1023
1023
1023
1023
1023
1023
1023
1023
1023
1023
1023
1023
1023
1023
1023
1023
1023
1023
1023
1023
1023
1023
1023
1023
1023
1023
1023
1023
1023
1023
1023
1023
1023
1023
1023
1023
1023
1023
1023
1023
1023
1023
1023
1023
1023
1023
1023
1023
1023
1023
1023
1023
1023
1023
1023
1023
1023
1023
1023
1023
1023
1023
1023
1023
1023
1023
1023
1023
1023
1023
1023
1023
1023
1023
1023
1023
1023
1023
1023
1023
1023
1023
1023
1023
1023
1023
1023
1023
1023
1023
1023
1019
1010
998
989
979
970
960
950
941
931
921
912
903
892
884
874
865
856
849
840
832
823
816
807
799
791
783
775
767
759
752
745
739
733
726
720
709
699
689
680
670
660
651
642
633
624
615
606
597
589
580
572
564
555
548
540
532
525
517
510
503
496
488
482
475
468
462
455
449
443
436
430
424
418
412
406
401
396
390
385
379
374
369
364
359
353
348
343
339
334
330
325
321
317
312
308
304
300
296
291
288
284
280
276
273
270
266
263
259
256
253
250
247
243
240
237
234
231
228
225
222
219
216
214
211
209
206
204
202
199
196
194
191
189
187
184
182
180
178
176
173
171
169
167
164
162
160
158
156
154
152
151

