277, 0
167, 0
163, 0
146, 0
181, 0
169, 0
101, 0
20, 0
27, 0
49, 0
80, 0
91, 0
80, 0
74, 0
23, 0
20, 0
34, 0
34, 0
0, 0
0, 0
0, 0
0, 0
0, 0
0, 0
0, 0
0, 0
0, 0
0, 0
0, 0
0, 0
0, 0
0, 0
0, 0
0, 0
0, 0
0, 0
0, 0
0, 0
0, 0
0, 0
0, 0
0, 0
0, 0
0, 0
0, 0
0, 0
0, 0
0, 0
0, 0
0, 0
0, 0
0, 0
0, 0
0, 0
0, 0
0, 0
0, 0
0, 0
0, 0
0, 0
0, 0
0, 0
0, 0
0, 0
0, 0
0, 0
0, 0
0, 0
0, 0
0, 0
0, 269, 277
213, 277
259, 277
303, 277
311, 277
280, 277
256, 277
301, 277
271, 277
274, 277
306, 277
226, 277
277, 277
298, 277
284, 277
250, 277
258, 277
277, 277
251, 277
221, 277
313, 277
318, 277
279, 277
239, 277
256, 277
246, 277
300, 277
277, 277
258, 277
300, 277
247, 277
261, 277
286, 277
307, 277
335, 277
277, 277
280, 277
299, 277
296, 277
327, 277
299, 277
289, 277
312, 277
271, 277
275, 277
322, 277
286, 277
261, 277
296, 277
277, 277
258, 277
307, 277
283, 277
294, 277
292, 277
328, 277
278, 277
298, 277
324, 277
291, 277
311, 277
259, 277
329, 277
297, 277
309, 277
277, 277
341, 277
304, 277
321, 277
278, 277
335, 277
343, 277
294, 277
347, 277
324, 277
327, 277
317, 277
342, 277
279, 277
319, 277
316, 277
292, 277
317, 277
313, 277
326, 277
309, 277
271, 277
280, 277
265, 277
300, 277
263, 277
266, 277
275, 277
240, 277
243, 277
241, 277
248, 277
259, 277
246, 277
254, 277
244, 277
224, 277
234, 277
205, 277
269, 277
283, 277
247, 277
250, 277
213, 277
252, 277
241, 277
242, 277
292, 277
305, 277
228, 277
252, 277
218, 277
271, 277
242, 277
287, 277
299, 277
259, 277
230, 277
252, 277
287, 277
233, 277
261, 277
205, 277
258, 277
239, 277
296, 277
275, 277
233, 277
217, 277
254, 277
301, 277
287, 277
304, 277
243, 277
260, 277
299, 277
304, 277
263, 277
306, 277
304, 277
261, 277
293, 277
272, 277
256, 277
264, 277
311, 277
284, 277
261, 277
271, 277
331, 277
318, 277
308, 277
342, 277
302, 277
251, 277
264, 277
282, 277
286, 277
310, 277
282, 277
308, 277
333, 277
310, 277
315, 277
292, 277
285, 277
276, 277
356, 277
319, 277
335, 277
386, 277
367, 277
369, 277
338, 277
397, 277
364, 277
341, 277
305, 277
335, 277
343, 277
367, 277
374, 277
357, 277
430, 277
366, 277
337, 277
387, 277
355, 277
377, 277
404, 277
364, 277
363, 277
398, 277
337, 277
363, 277
351, 277
357, 277
287, 277
382, 277
377, 277
361, 277
353, 277
307, 277
299, 277
311, 277
334, 277
376, 277
330, 277
309, 277
318, 277
293, 277
332, 277
313, 277
291, 277
234, 277
274, 277
280, 277
276, 277
299, 277
286, 277
239, 277
316, 277
286, 277
247, 277
240, 277
244, 277
247, 277
227, 277
198, 277
228, 277
204, 277
243, 277
280, 277
271, 277
224, 277
210, 277
221, 277
248, 277
235, 277
233, 277
241, 277
215, 277
226, 277
266, 277
258, 277
285, 277
255, 277
224, 277
244, 277
218, 277
224, 277
249, 277
256, 277
274, 277
228, 277
248, 277
296, 277
241, 277
251, 277
200, 277
224, 277
236, 277
284, 277
222, 277
250, 277
229, 277
261, 277
238, 277
253, 277
247, 277
184, 277
245, 277
243, 277
222, 277
194, 277
174, 277
216, 277
242, 277
236, 277
163, 277
264, 277
232, 277
202, 277
206, 277
208, 277
186, 277
138, 277
243, 277
283, 277
249, 277
262, 277
258, 277
258, 277
251, 277
262, 277
244, 277
320, 277
279, 277
286, 277
291, 277
302, 277
296, 277
291, 277
273, 277
290, 277
323, 277
328, 277
309, 277
316, 277
349, 277
301, 277
335, 277
362, 277
315, 277
301, 277
291, 277
347, 277
345, 277
350, 277
325, 277
310, 277
305, 277
338, 277
279, 277
258, 277
339, 277
294, 277
319, 277
309, 277
313, 277
279, 277
343, 277
311, 277
244, 277
261, 277
273, 277
201, 277
312, 277
267, 277
242, 277
287, 277
224, 277
217, 277
224, 277
249, 277
279, 277
230, 277
175, 277
177, 277
198, 277
171, 277
178, 277
219, 277
146, 277
145, 277
138, 277
141, 277
146, 277
205, 277
130, 277
165, 277
164, 277
179, 277
186, 277
162, 277
175, 277
145, 277
138, 277
176, 277
146, 277
169, 277
156, 277
126, 277
198, 277
165, 277
199, 277
156, 277
216, 277
126, 277
159, 277
141, 277
113, 277
132, 277
177, 277
142, 277
170, 277
167, 277
114, 277
171, 277
95, 277
153, 277
130, 277
132, 277
127, 277
126, 277
206, 430
226, 430
223, 430
252, 430
265, 430
217, 430
205, 430
182, 430
247, 430
243, 430
205, 430
186, 430
213, 430
217, 430
179, 430
178, 430
242, 430
225, 430
207, 430
223, 430
275, 430
308, 430
250, 430
221, 430
241, 430
246, 430
238, 430
269, 430
233, 430
233, 430
239, 430
224, 430
245, 430
228, 430
271, 430
241, 430
217, 430
242, 430
217, 430
229, 430
251, 430
240, 430
238, 430
202, 430
242, 430
259, 430
215, 430
225, 430
225, 430
209, 430
234, 430
201, 430
244, 430
208, 430
243, 430
210, 430
258, 430
239, 430
223, 430
229, 430
282, 430
254, 430
269, 430
212, 430
250, 430
264, 430
238, 430
213, 430
196, 430
268, 430
224, 430
211, 430
230, 430
215, 430
209, 430
174, 430
184, 430
172, 430
169, 430
205, 430
196, 430
181, 430
202, 430
220, 430
193, 430
178, 430
171, 430
214, 430
158, 430
166, 430
97, 430
199, 430
179, 430
121, 430
167, 430
186, 430
134, 430
138, 430
164, 430
168, 430
139, 430
190, 430
129, 430
175, 430
153, 430
166, 430
184, 430
163, 430
109, 430
148, 430
181, 430
156, 430
192, 430
169, 430
183, 430
184, 430
183, 430
156, 430
217, 430
228, 430
171, 430
213, 430
222, 430
187, 430
198, 430
163, 430
163, 430
179, 430
176, 430
156, 430
165, 430
210, 430
174, 430
155, 430
229, 430
198, 430
198, 430
208, 430
209, 430
162, 430
157, 430
179, 430
221, 430
230, 430
228, 430
208, 430
190, 430
203, 430
218, 430
218, 430
207, 430
234, 430
176, 430
170, 430
219, 430
202, 430
190, 430
197, 430
216, 430
185, 430
184, 430
234, 430
269, 430
247, 430
250, 430
219, 430
228, 430
278, 430
272, 430
217, 430
232, 430
271, 430
220, 430
227, 430
308, 430
291, 430
280, 430
318, 430
205, 430
305, 430
315, 430
277, 430
301, 430
271, 430
298, 430
315, 430
255, 430
285, 430
301, 430
274, 430
253, 430
278, 430
212, 430
255, 430
241, 430
292, 430
298, 430
221, 430
229, 430
191, 430
215, 430
236, 430
211, 430
252, 430
274, 430
193, 430
207, 430
237, 430
234, 430
209, 430
255, 430
236, 430
176, 430
171, 430
211, 430
203, 430
197, 430
217, 430
196, 430
150, 430
187, 430
160, 430
146, 430
147, 430
162, 430
128, 430
137, 430
142, 430
142, 430
100, 430
190, 430
155, 430
188, 430
193, 430
144, 430
163, 430
173, 430
219, 430
183, 430
185, 430
164, 430
162, 430
193, 430
154, 430
161, 430
170, 430
165, 430
194, 430
201, 430
171, 430
146, 430
206, 430
203, 430
167, 430
160, 430
163, 430
186, 430
190, 430
163, 430
167, 430
212, 430
180, 430
212, 430
216, 430
131, 430
187, 430
155, 430
200, 430
180, 430
201, 430
196, 430
166, 430
160, 430
183, 430
207, 430
159, 430
221, 430
186, 430
189, 430
185, 430
147, 430
175, 430
210, 430
222, 430
172, 430
215, 430
234, 430
250, 430
249, 430
255, 430
190, 430
206, 430
206, 430
203, 430
199, 430
172, 430
247, 430
195, 430
207, 430
212, 430
264, 430
213, 430
188, 430
165, 430
259, 430
224, 430
225, 430
220, 430
212, 430
257, 430
186, 430
228, 430
250, 430
213, 430
185, 430
203, 430
221, 430
194, 430
184, 430
211, 430
196, 430
238, 430
170, 430
238, 430
229, 430
255, 430
187, 430
196, 430
147, 430
193, 430
162, 430
138, 430
181, 430
149, 430
158, 430
187, 430
128, 430
152, 430
184, 430
193, 430
145, 430
138, 430
87, 430
141, 430
74, 430
105, 430
115, 430
146, 430
172, 430
105, 430
65, 430
101, 430
176, 430
123, 430
103, 430
139, 430
151, 430
131, 430
101, 430
100, 430
113, 430
113, 430
110, 430
93, 430
152, 430
134, 430
91, 430
146, 430
109, 430
95, 430
132, 430
70, 430
77, 430
126, 430
153, 430
119, 430
103, 430
119, 430
129, 430
127, 430
110, 430
101, 430
89, 430
140, 430
139, 430
105, 430
175, 430
139, 430
114, 430
134, 430
147, 430
92, 430
97, 430
145, 430
154, 430
218, 430
158, 430
136, 430
147, 430
157, 430
190, 318
200, 318
242, 318
190, 318
216, 318
188, 318
193, 318
203, 318
263, 318
228, 318
229, 318
243, 318
218, 318
187, 318
244, 318
209, 318
165, 318
185, 318
215, 318
243, 318
246, 318
247, 318
182, 318
213, 318
253, 318
260, 318
222, 318
188, 318
144, 318
207, 318
217, 318
251, 318
178, 318
216, 318
196, 318
235, 318
254, 318
243, 318
250, 318
235, 318
233, 318
247, 318
257, 318
202, 318
234, 318
195, 318
176, 318
222, 318
196, 318
209, 318
247, 318
223, 318
205, 318
127, 318
174, 318
203, 318
209, 318
165, 318
208, 318
173, 318
142, 318
105, 318
129, 318
160, 318
154, 318
174, 318
171, 318
152, 318
126, 318
120, 318
102, 318
149, 318
141, 318
147, 318
144, 318
149, 318
121, 318
128, 318
94, 318
147, 318
161, 318
126, 318
198, 318
136, 318
140, 318
174, 318
152, 318
141, 318
156, 318
145, 318
189, 318
137, 318
132, 318
131, 318
195, 318
161, 318
133, 318
146, 318
166, 318
187, 318
185, 318
158, 318
112, 318
161, 318
168, 318
152, 318
164, 318
163, 318
117, 318
153, 318
148, 318
144, 318
111, 318
141, 318
158, 318
159, 318
152, 318
177, 318
151, 318
210, 318
196, 318
148, 318
200, 318
153, 318
141, 318
188, 318
165, 318
165, 318
187, 318
165, 318
144, 318
149, 318
174, 318
187, 318
144, 318
188, 318
223, 318
198, 318
145, 318
177, 318
147, 318
215, 318
239, 318
258, 318
206, 318
226, 318
237, 318
206, 318
264, 318
225, 318
217, 318
181, 318
250, 318
286, 318
249, 318
189, 318
250, 318
274, 318
267, 318
261, 318
205, 318
231, 318
285, 318
227, 318
241, 318
221, 318
268, 318
291, 318
229, 318
207, 318
274, 318
213, 318
224, 318
223, 318
206, 318
226, 318
213, 318
228, 318
229, 318
207, 318
192, 318
200, 318
189, 318
227, 318
216, 318
205, 318
254, 318
204, 318
214, 318
201, 318
212, 318
210, 318
178, 318
197, 318
191, 318
172, 318
153, 318
187, 318
173, 318
210, 318
204, 318
192, 318
175, 318
211, 318
158, 318
153, 318
164, 318
163, 318
137, 318
121, 318
188, 318
196, 318
169, 318
173, 318
181, 318
154, 318
172, 318
117, 318
166, 318
180, 318
169, 318
150, 318
131, 318
198, 318
175, 318
166, 318
197, 318
167, 318
165, 318
186, 318
144, 318
127, 318
148, 318
151, 318
145, 318
189, 318
209, 318
141, 318
195, 318
135, 318
155, 318
195, 318
162, 318
180, 318
151, 318
150, 318
108, 318
110, 318
143, 318
177, 318
157, 318
164, 318
190, 318
153, 318
166, 318
157, 318
166, 318
115, 318
178, 318
176, 318
151, 318
159, 318
207, 318
150, 318
145, 318
225, 318
186, 318
202, 318
182, 318
211, 318
253, 318
195, 318
200, 318
209, 318
175, 318
190, 318
176, 318
223, 318
218, 318
265, 318
163, 318
214, 318
195, 318
197, 318
202, 318
244, 318
209, 318
197, 318
273, 318
234, 318
227, 318
186, 318
210, 318
207, 318
194, 318
230, 318
207, 318
207, 318
277, 318
251, 318
232, 318
178, 318
220, 318
226, 318
184, 318
128, 318
195, 318
258, 318
189, 318
217, 318
246, 318
186, 318
131, 318
204, 318
161, 318
159, 318
149, 318
113, 318
117, 318
149, 318
186, 318
183, 318
173, 318
159, 318
164, 318
156, 318
141, 318
108, 318
140, 318
158, 318
116, 318
143, 318
163, 318
173, 318
119, 318
136, 318
159, 318
137, 318
161, 318
140, 318
168, 318
152, 318
122, 318
139, 318
127, 318
111, 318
130, 318
162, 318
162, 318
187, 318
167, 318
136, 318
116, 318
127, 318
161, 318
161, 318
116, 318
132, 318
135, 318
118, 318
111, 318
143, 318
193, 318
168, 318
172, 318
171, 318
141, 318
133, 318
121, 318
115, 318
173, 318
150, 318
154, 318
167, 318
142, 318
134, 318
135, 318
145, 318
180, 318
116, 318
152, 318
138, 318
199, 318
192, 318
202, 318
167, 318
188, 318
168, 318
97, 318
123, 318
135, 318
168, 318
143, 318
126, 318
142, 318
164, 318
145, 318
179, 318
120, 318
142, 318
268, 291
213, 291
223, 291
235, 291
250, 291
227, 291
205, 291
247, 291
231, 291
209, 291
218, 291
208, 291
242, 291
218, 291
261, 291
232, 291
219, 291
219, 291
240, 291
224, 291
279, 291
225, 291
260, 291
247, 291
277, 291
232, 291
282, 291
272, 291
234, 291
275, 291
298, 291
277, 291
249, 291
253, 291
263, 291
279, 291
241, 291
219, 291
269, 291
286, 291
254, 291
299, 291
291, 291
293, 291
243, 291
236, 291
268, 291
274, 291
276, 291
274, 291
203, 291
303, 291
281, 291
256, 291
227, 291
232, 291
229, 291
248, 291
266, 291
287, 291
300, 291
281, 291
278, 291
265, 291
270, 291
285, 291
265, 291
317, 291
311, 291
304, 291
300, 291
266, 291
283, 291
306, 291
231, 291
282, 291
247, 291
255, 291
258, 291
237, 291
228, 291
314, 291
257, 291
206, 291
240, 291
222, 291
220, 291
173, 291
192, 291
216, 291
232, 291
214, 291
207, 291
193, 291
192, 291
187, 291
193, 291
202, 291
230, 291
227, 291
242, 291
243, 291
206, 291
251, 291
169, 291
215, 291
194, 291
220, 291
201, 291
242, 291
263, 291
239, 291
215, 291
214, 291
234, 291
214, 291
248, 291
301, 291
217, 291
266, 291
323, 291
275, 291
287, 291
280, 291
256, 291
306, 291
278, 291
279, 291
299, 291
310, 291
309, 291
327, 291
340, 291
298, 291
265, 291
323, 291
298, 291
294, 291
273, 291
275, 291
266, 291
301, 291
298, 291
337, 291
317, 291
296, 291
325, 291
356, 291
341, 291
352, 291
329, 291
275, 291
317, 291
312, 291
341, 291
337, 291
348, 291
336, 291
387, 291
344, 291
375, 291
399, 291
398, 291
375, 291
405, 291
414, 291
436, 291
489, 291
478, 291
409, 291
448, 291
469, 291
477, 291
460, 291
489, 291
518, 291
447, 291
489, 291
510, 291
464, 291
443, 291
451, 291
486, 291
492, 291
515, 291
474, 291
492, 291
537, 291
520, 291
480, 291
531, 291
521, 291
472, 291
526, 291
531, 291
523, 291
497, 291
530, 291
487, 291
517, 291
481, 291
492, 291
507, 291
456, 291
469, 291
448, 291
479, 291
426, 291
452, 291
461, 291
522, 291
457, 291
418, 291
457, 291
441, 291
438, 291
497, 291
413, 291
403, 291
406, 291
385, 291
428, 291
337, 291
377, 291
414, 291
378, 291
403, 291
369, 291
378, 291
421, 291
337, 291
414, 291
427, 291
395, 291
391, 291
402, 291
390, 291
393, 291
416, 291
400, 291
380, 291
436, 291
386, 291
412, 291
404, 291
371, 291
432, 291
422, 291
406, 291
361, 291
425, 291
362, 291
393, 291
418, 291
380, 291
402, 291
403, 291
422, 291
418, 291
468, 291
425, 291
389, 291
417, 291
400, 291
384, 291
427, 291
420, 291
384, 291
432, 291
382, 291
370, 291
410, 291
425, 291
424, 291
422, 291
410, 291
432, 291
347, 291
404, 291
389, 291
415, 291
425, 291
376, 291
427, 291
380, 291
368, 291
422, 291
416, 291
448, 291
477, 291
455, 291
456, 291
475, 291
419, 291
445, 291
453, 291
500, 291
463, 291
409, 291
450, 291
484, 291
462, 291
486, 291
434, 291
452, 291
475, 291
475, 291
538, 291
506, 291
521, 291
485, 291
585, 291
530, 291
461, 291
491, 291
506, 291
471, 291
522, 291
532, 291
460, 291
457, 291
518, 291
479, 291
470, 291
464, 291
462, 291
448, 291
447, 291
478, 291
482, 291
482, 291
503, 291
484, 291
429, 291
406, 291
398, 291
413, 291
416, 291
451, 291
464, 291
403, 291
373, 291
389, 291
332, 291
352, 291
351, 291
320, 291
379, 291
375, 291
371, 291
348, 291
365, 291
346, 291
364, 291
350, 291
342, 291
343, 291
325, 291
380, 291
366, 291
337, 291
362, 291
341, 291
318, 291
359, 291
338, 291
341, 291
371, 291
342, 291
306, 291
329, 291
328, 291
325, 291
322, 291
356, 291
315, 291
277, 291
321, 291
327, 291
360, 291
329, 291
333, 291
291, 291
348, 291
301, 291
317, 291
307, 291
327, 291
300, 291
339, 291
353, 291
333, 291
325, 291
315, 291
326, 291
307, 291
367, 291
327, 291
305, 291
340, 291
335, 585
303, 585
274, 585
307, 585
310, 585
335, 585
336, 585
295, 585
329, 585
304, 585
309, 585
297, 585
315, 585
356, 585
330, 585
311, 585
300, 585
334, 585
397, 585
348, 585
345, 585
377, 585
347, 585
330, 585
389, 585
327, 585
353, 585
357, 585
380, 585
366, 585
367, 585
345, 585
374, 585
404, 585
395, 585
394, 585
357, 585
355, 585
376, 585
353, 585
387, 585
399, 585
366, 585
394, 585
379, 585
351, 585
341, 585
408, 585
397, 585
346, 585
354, 585
350, 585
367, 585
376, 585
371, 585
375, 585
380, 585
351, 585
338, 585
340, 585
352, 585
308, 585
261, 585
263, 585
297, 585
300, 585
281, 585
323, 585
315, 585
278, 585
270, 585
269, 585
228, 585
290, 585
231, 585
296, 585
275, 585
254, 585
270, 585
246, 585
241, 585
256, 585
253, 585
201, 585
180, 585
218, 585
210, 585
251, 585
222, 585
243, 585
242, 585
256, 585
207, 585
208, 585
243, 585
203, 585
265, 585
259, 585
271, 585
223, 585
230, 585
238, 585
207, 585
228, 585
222, 585
279, 585
244, 585
217, 585
211, 585
225, 585
188, 585
172, 585
237, 585
243, 585
247, 585
232, 585
238, 585
228, 585
197, 585
231, 585
243, 585
269, 585
214, 585
226, 585
222, 585
208, 585
239, 585
253, 585
265, 585
189, 585
237, 585
233, 585
191, 585
182, 585
252, 585
224, 585
209, 585
230, 585
214, 585
196, 585
167, 585
193, 585
208, 585
203, 585
232, 585
233, 585
263, 585
245, 585
214, 585
231, 585
263, 585
215, 585
230, 585
249, 585
253, 585
283, 585
260, 585
247, 585
242, 585
232, 585
250, 585
252, 585
238, 585
206, 585
294, 585
272, 585
285, 585
261, 585
277, 585
226, 585
212, 585
292, 585
273, 585
252, 585
247, 585
258, 585
259, 585
276, 585
295, 585
290, 585
278, 585
243, 585
298, 585
276, 585
278, 585
257, 585
240, 585
263, 585
264, 585
267, 585
240, 585
269, 585
203, 585
279, 585
272, 585
229, 585
264, 585
256, 585
229, 585
256, 585
234, 585
235, 585
255, 585
275, 585
286, 585
242, 585
228, 585
242, 585
273, 585
289, 585
290, 585
276, 585
296, 585
302, 585
234, 585
237, 585
233, 585
277, 585
265, 585
275, 585
230, 585
198, 585
242, 585
265, 585
230, 585
206, 585
201, 585
185, 585
212, 585
236, 585
248, 585
214, 585
220, 585
216, 585
242, 585
190, 585
219, 585
261, 585
220, 585
206, 585
179, 585
207, 585
167, 585
271, 585
214, 585
187, 585
229, 585
249, 585
218, 585
251, 585
212, 585
268, 585
211, 585
203, 585
194, 585
181, 585
241, 585
210, 585
274, 585
231, 585
223, 585
203, 585
194, 585
171, 585
221, 585
200, 585
220, 585
225, 585
215, 585
198, 585
179, 585
197, 585
240, 585
218, 585
219, 585
233, 585
234, 585
177, 585
201, 585
257, 585
187, 585
212, 585
163, 585
188, 585
203, 585
225, 585
207, 585
199, 585
207, 585
205, 585
265, 585
224, 585
189, 585
182, 585
213, 585
179, 585
156, 585
190, 585
213, 585
178, 585
185, 585
200, 585
189, 585
211, 585
199, 585
182, 585
209, 585
180, 585
196, 585
244, 585
213, 585
190, 585
201, 585
181, 585
163, 585
170, 585
158, 585
161, 585
121, 585
138, 585
168, 585
180, 585
201, 585
166, 585
202, 585
186, 585
137, 585
185, 585
149, 585
185, 585
162, 585
138, 585
173, 585
210, 585
202, 585
139, 585
201, 585
175, 585
124, 585
217, 585
169, 585
156, 585
148, 585
172, 585
129, 585
170, 585
214, 585
160, 585
119, 585
153, 585
148, 585
148, 585
157, 585
145, 585
173, 585
169, 585
143, 585
127, 585
153, 585
172, 585
191, 585
163, 585
128, 585
195, 585
179, 585
145, 585
146, 585
161, 585
171, 585
164, 585
160, 585
123, 585
202, 585
117, 585
229, 585
165, 585
187, 585
202, 585
158, 585
193, 585
149, 585
150, 585
186, 585
147, 585
155, 585
183, 585
164, 585
132, 585
134, 585
177, 585
120, 585
166, 585
153, 585
158, 585
99, 585
128, 585
121, 585
146, 585
151, 585
152, 585
241, 408
207, 408
100, 408
54, 408
43, 408
168, 408
159, 408
134, 408
0, 408
0, 408
0, 408
0, 408
0, 408
0, 408
0, 408
0, 408
0, 408
0, 408
0, 408
0, 408
0, 408
0, 408
0, 408
0, 408
0, 408
0, 408
0, 408
0, 408
0, 408
0, 408
0, 408
0, 408
0, 408
0, 408
0, 408
0, 408
0, 408
0, 408
0, 408
0, 408
0, 408
0, 408
0, 408
0, 408
0, 408
0, 408
0, 408
0, 408
0, 408
0, 408
0, 408
0, 408
0, 408
0, 408
0, 408
0, 408
0, 408
0, 408
0, 408
0, 408
0, 408
0, 408
0, 408
0, 408
0, 408
0, 408
0, 408
0, 408
0, 408
0, 408
0, 408
0, 408
0, 408
0, 408
0, 408
0, 408
0, 408
0, 408
0, 408
0, 408
0, 408
0, 408
0, 408
0, 408
0, 408
0, 408
0, 408
0, 408
0, 408
0, 408
0, 408
0, 408
0, 408
0, 408
0, 408
0, 408
0, 408
0, 408
0, 408
0, 408
0, 408
0, 408
0, 408
0, 408
0, 408
0, 408
0, 408
0, 408
0, 408
0, 408
0, 408
0, 408
0, 408
0, 408
0, 408
0, 408
0, 408
0, 408
0, 408
0, 408
0, 408
0, 408
0, 408
0, 408
0, 408
0, 408
0, 408
0, 408
0, 408
0, 408
0, 408
0, 408
0, 408
0, 408
0, 408
0, 408
0, 408
0, 408
0, 408
0, 408
0, 408
0, 408
0, 408
0, 408
0, 408
0, 408
0, 408
0, 408
0, 408
0, 408
0, 408
0, 408
0, 408
0, 408
0, 408
0, 408
0, 408
0, 408
0, 408
0, 408
0, 408
0, 408
0, 408
0, 408
0, 408
0, 408
0, 408
0, 408
0, 408
0, 408
0, 408
0, 408
0, 408
0, 408
0, 408
0, 408
0, 408
0, 408
0, 408
0, 408
0, 408
0, 408
0, 408
0, 408
0, 408
0, 408
0, 408
0, 408
0, 408
0, 408
0, 408
0, 408
0, 408
0, 408
0, 408
0, 408
0, 408
0, 408
0, 408
0, 408
0, 408
0, 408
0, 408
0, 408
0, 408
0, 408
0, 408
0, 408
0, 408
0, 408
0, 408
0, 408
0, 408
0, 408
0, 408
0, 408
0, 408
0, 408
0, 408
0, 408
0, 408
0, 408
0, 408
0, 408
0, 408
0, 408
0, 408
0, 408
0, 408
0, 408
0, 408
0, 408
0, 408
0, 408
0, 408
0, 408
0, 408
0, 408
0, 408
0, 408
0, 408
0, 408
0, 408
0, 408
0, 408
0, 408
0, 408
0, 408
0, 408
0, 408
0, 408
0, 408
0, 408
0, 408
0, 408
0, 408
0, 408
0, 408
0, 408
0, 408
0, 408
0, 408
0, 408
0, 408
0, 408
0, 408
0, 408
0, 408
0, 408
0, 408
0, 408
0, 408
0, 408
0, 408
0, 408
0, 408
0, 408
0, 408
0, 408
0, 408
0, 408
0, 408
0, 408
0, 408
0, 408
0, 408
0, 408
0, 408
0, 408
0, 408
0, 408
0, 408
0, 408
0, 408
0, 408
0, 408
0, 408
0, 408
0, 408
0, 408
0, 408
0, 408
0, 408
0, 408
0, 408
0, 408
0, 408
0, 408
0, 408
0, 408
0, 408
0, 408
0, 408
0, 408
0, 408
0, 408
0, 408
0, 408
0, 408
0, 408
0, 408
0, 408
0, 408
0, 408
0, 408
0, 408
0, 408
1, 408
6, 408
17, 408
17, 408
16, 408
11, 408
17, 408
21, 408
33, 408
9, 408
63, 408
10, 408
32, 408
64, 408
19, 408
34, 408
41, 408
43, 408
66, 408
43, 408
17, 408
39, 408
71, 408
93, 408
46, 408
51, 408
81, 408
69, 408
52, 408
25, 408
95, 408
107, 408
120, 408
52, 408
87, 408
81, 408
98, 408
117, 408
107, 408
117, 408
107, 408
139, 408
131, 408
174, 408
109, 408
112, 408
98, 408
108, 408
78, 408
166, 408
142, 408
137, 408
137, 408
153, 408
172, 408
194, 408
224, 408
202, 408
179, 408
225, 408
222, 408
214, 408
258, 408
222, 408
292, 408
263, 408
247, 408
268, 408
358, 408
319, 408
354, 408
334, 408
295, 408
322, 358
310, 358
358, 358
340, 358
309, 358
393, 358
357, 358
328, 358
347, 358
366, 358
332, 358
370, 358
355, 358
368, 358
399, 358
344, 358
361, 358
351, 358
338, 358
341, 358
378, 358
351, 358
367, 358
346, 358
332, 358
323, 358
371, 358
351, 358
300, 358
303, 358
350, 358
337, 358
358, 358
295, 358
356, 358
311, 358
272, 358
304, 358
305, 358
288, 358
272, 358
332, 358
296, 358
319, 358
281, 358
344, 358
319, 358
306, 358
301, 358
313, 358
318, 358
289, 358
305, 358
352, 358
326, 358
294, 358
349, 358
341, 358
315, 358
364, 358
378, 358
347, 358
316, 358
369, 358
348, 358
339, 358
341, 358
343, 358
368, 358
363, 358
366, 358
368, 358
391, 358
383, 358
339, 358
383, 358
387, 358
372, 358
331, 358
295, 358
366, 358
398, 358
414, 358
358, 358
389, 358
433, 358
412, 358
396, 358
386, 358
370, 358
413, 358
395, 358
386, 358
366, 358
403, 358
404, 358
415, 358
368, 358
462, 358
428, 358
392, 358
394, 358
378, 358
416, 358
434, 358
393, 358
434, 358
434, 358
419, 358
408, 358
430, 358
471, 358
460, 358
472, 358
471, 358
473, 358
457, 358
495, 358
489, 358
487, 358
462, 358
518, 358
464, 358
523, 358
488, 358
477, 358
491, 358
512, 358
464, 358
520, 358
513, 358
511, 358
516, 358
519, 358
498, 358
487, 358
509, 358
497, 358
477, 358
445, 358
520, 358
524, 358
496, 358
508, 358
537, 358
525, 358
477, 358
518, 358
493, 358
441, 358
468, 358
448, 358
487, 358
460, 358
508, 358
413, 358
427, 358
464, 358
477, 358
491, 358
466, 358
426, 358
481, 358
463, 358
419, 358
407, 358
353, 358
405, 358
381, 358
405, 358
384, 358
427, 358
385, 358
399, 358
426, 358
394, 358
390, 358
374, 358
452, 358
373, 358
373, 358
389, 358
429, 358
401, 358
426, 358
395, 358
377, 358
431, 358
389, 358
392, 358
356, 358
407, 358
416, 358
410, 358
371, 358
387, 358
362, 358
399, 358
395, 358
407, 358
372, 358
430, 358
419, 358
424, 358
405, 358
438, 358
429, 358
442, 358
435, 358
403, 358
418, 358
458, 358
408, 358
447, 358
379, 358
397, 358
330, 358
382, 358
393, 358
358, 358
362, 358
405, 358
428, 358
393, 358
371, 358
454, 358
404, 358
371, 358
384, 358
371, 358
359, 358
391, 358
351, 358
385, 358
397, 358
363, 358
401, 358
361, 358
394, 358
387, 358
440, 358
396, 358
383, 358
368, 358
372, 358
422, 358
364, 358
353, 358
409, 358
383, 358
380, 358
393, 358
395, 358
402, 358
436, 358
395, 358
399, 358
445, 358
416, 358
393, 358
373, 358
366, 358
399, 358
429, 358
340, 358
378, 358
412, 358
420, 358
368, 358
374, 358
366, 358
331, 358
330, 358
410, 358
385, 358
378, 358
380, 358
445, 358
410, 358
341, 358
365, 358
380, 358
394, 358
419, 358
373, 358
414, 358
362, 358
359, 358
383, 358
410, 358
388, 358
394, 358
369, 358
402, 358
397, 358
417, 358
364, 358
352, 358
381, 358
373, 358
363, 358
376, 358
353, 358
351, 358
336, 358
365, 358
394, 358
347, 358
353, 358
373, 358
368, 358
367, 358
381, 358
391, 358
346, 358
359, 358
382, 358
324, 358
370, 358
321, 358
414, 358
374, 358
364, 358
378, 358
376, 358
371, 358
377, 358
324, 358
347, 358
347, 358
323, 358
354, 358
323, 358
325, 358
350, 358
341, 358
401, 358
372, 358
336, 358
332, 358
352, 358
369, 358
298, 358
315, 358
336, 358
288, 358
295, 358
346, 358
328, 358
290, 358
364, 358
324, 358
295, 358
356, 358
320, 358
296, 358
314, 358
283, 358
319, 358
299, 358
336, 358
305, 358
316, 358
261, 358
298, 358
343, 358
303, 358
329, 358
306, 358
294, 358
279, 358
314, 358
315, 358
344, 358
333, 358
264, 358
325, 358
321, 358
357, 358
344, 358
278, 358
228, 358
271, 358
290, 358
307, 358
316, 358
345, 358
347, 358
296, 358
320, 358
291, 358
295, 358
266, 358
272, 358
300, 358
292, 358
248, 358
262, 358
251, 358
247, 358
273, 537
268, 537
222, 537
279, 537
246, 537
257, 537
231, 537
282, 537
250, 537
247, 537
273, 537
272, 537
257, 537
251, 537
287, 537
276, 537
281, 537
209, 537
243, 537
276, 537
262, 537
271, 537
235, 537
250, 537
249, 537
228, 537
236, 537
284, 537
242, 537
252, 537
247, 537
244, 537
275, 537
238, 537
245, 537
269, 537
258, 537
262, 537
256, 537
270, 537
267, 537
235, 537
228, 537
202, 537
233, 537
209, 537
216, 537
260, 537
228, 537
178, 537
236, 537
218, 537
219, 537
233, 537
191, 537
222, 537
231, 537
232, 537
167, 537
206, 537
160, 537
218, 537
175, 537
256, 537
208, 537
190, 537
235, 537
155, 537
242, 537
209, 537
206, 537
165, 537
223, 537
206, 537
232, 537
171, 537
235, 537
226, 537
219, 537
184, 537
247, 537
218, 537
221, 537
231, 537
248, 537
208, 537
243, 537
210, 537
227, 537
209, 537
216, 537
182, 537
220, 537
233, 537
231, 537
204, 537
174, 537
164, 537
234, 537
207, 537
187, 537
187, 537
206, 537
175, 537
171, 537
241, 537
175, 537
201, 537
170, 537
170, 537
172, 537
239, 537
219, 537
205, 537
199, 537
133, 537
207, 537
202, 537
169, 537
154, 537
199, 537
200, 537
196, 537
223, 537
200, 537
151, 537
221, 537
140, 537
135, 537
129, 537
177, 537
197, 537
197, 537
152, 537
195, 537
154, 537
180, 537
140, 537
208, 537
191, 537
130, 537
161, 537
150, 537
183, 537
167, 537
171, 537
138, 537
174, 537
163, 537
145, 537
120, 537
155, 537
170, 537
190, 537
122, 537
108, 537
124, 537
174, 537
163, 537
163, 537
191, 537
195, 537
127, 537
137, 537
188, 537
185, 537
193, 537
151, 537
115, 537
140, 537
162, 537
103, 537
164, 537
171, 537
158, 537
158, 537
133, 537
128, 537
188, 537
173, 537
157, 537
148, 537
168, 537
138, 537
136, 537
136, 537
204, 537
157, 537
142, 537
142, 537
211, 537
161, 537
77, 537
155, 537
176, 537
158, 537
155, 537
130, 537
116, 537
151, 537
162, 537
149, 537
163, 537
152, 537
137, 537
169, 537
142, 537
149, 537
167, 537
115, 537
133, 537
179, 537
124, 537
114, 537
165, 537
177, 537
129, 537
168, 537
184, 537
193, 537
139, 537
105, 537
127, 537
122, 537
147, 537
129, 537
124, 537
105, 537
131, 537
147, 537
147, 537
158, 537
180, 537
133, 537
95, 537
152, 537
206, 537
214, 537
158, 537
128, 537
139, 537
135, 537
138, 537
156, 537
127, 537
159, 537
115, 537
120, 537
99, 537
141, 537
141, 537
123, 537
157, 537
182, 537
132, 537
112, 537
138, 537
144, 537
152, 537
155, 537
135, 537
164, 537
120, 537
97, 537
119, 537
138, 537
216, 537
128, 537
160, 537
144, 537
120, 537
95, 537
84, 537
114, 537
109, 537
42, 537
93, 537
53, 537
105, 537
69, 537
169, 537
180, 537
153, 537
103, 537
83, 537
111, 537
105, 537
109, 537
122, 537
119, 537
118, 537
124, 537
121, 537
106, 537
120, 537
152, 537
102, 537
131, 537
92, 537
135, 537
138, 537
150, 537
127, 537
123, 537
100, 537
108, 537
125, 537
109, 537
144, 537
108, 537
113, 537
107, 537
77, 537
115, 537
135, 537
155, 537
163, 537
99, 537
120, 537
134, 537
58, 537
118, 537
84, 537
114, 537
110, 537
119, 537
160, 537
68, 537
93, 537
126, 537
139, 537
86, 537
108, 537
102, 537
83, 537
101, 537
138, 537
118, 537
118, 537
90, 537
158, 537
114, 537
107, 537
81, 537
83, 537
103, 537
123, 537
96, 537
80, 537
127, 537
116, 537
109, 537
88, 537
108, 537
82, 537
109, 537
99, 537
37, 537
69, 537
142, 537
56, 537
138, 537
94, 537
76, 537
169, 537
95, 537
145, 537
133, 537
133, 537
113, 537
109, 537
87, 537
117, 537
104, 537
92, 537
84, 537
75, 537
124, 537
105, 537
102, 537
74, 537
127, 537
113, 537
125, 537
111, 537
106, 537
145, 537
117, 537
113, 537
138, 537
115, 537
120, 537
95, 537
118, 537
85, 537
80, 537
86, 537
131, 537
147, 537
123, 537
217, 324
268, 324
181, 324
261, 324
238, 324
195, 324
160, 324
191, 324
180, 324
236, 324
215, 324
208, 324
227, 324
197, 324
191, 324
202, 324
209, 324
242, 324
272, 324
268, 324
202, 324
244, 324
185, 324
226, 324
206, 324
204, 324
225, 324
178, 324
162, 324
230, 324
240, 324
235, 324
218, 324
247, 324
249, 324
209, 324
253, 324
235, 324
242, 324
248, 324
231, 324
306, 324
251, 324
229, 324
237, 324
240, 324
241, 324
254, 324
253, 324
248, 324
268, 324
268, 324
241, 324
302, 324
290, 324
267, 324
252, 324
272, 324
309, 324
274, 324
300, 324
270, 324
285, 324
267, 324
313, 324
328, 324
298, 324
298, 324
318, 324
258, 324
311, 324
335, 324
327, 324
353, 324
322, 324
345, 324
358, 324
327, 324
340, 324
387, 324
392, 324
404, 324
393, 324
449, 324
438, 324
429, 324
440, 324
419, 324
392, 324
402, 324
374, 324
416, 324
446, 324
416, 324
444, 324
453, 324
453, 324
418, 324
494, 324
463, 324
483, 324
453, 324
465, 324
450, 324
408, 324
416, 324
380, 324
368, 324
349, 324
374, 324
405, 324
409, 324
399, 324
409, 324
372, 324
408, 324
388, 324
375, 324
349, 324
383, 324
373, 324
347, 324
373, 324
311, 324
377, 324
320, 324
361, 324
369, 324
333, 324
340, 324
337, 324
366, 324
397, 324
343, 324
311, 324
349, 324
333, 324
357, 324
341, 324
401, 324
347, 324
334, 324
370, 324
385, 324
342, 324
342, 324
376, 324
373, 324
382, 324
366, 324
342, 324
321, 324
300, 324
375, 324
352, 324
309, 324
374, 324
366, 324
369, 324
334, 324
358, 324
333, 324
334, 324
334, 324
357, 324
339, 324
331, 324
354, 324
366, 324
326, 324
319, 324
360, 324
412, 324
370, 324
405, 324
408, 324
351, 324
370, 324
349, 324
369, 324
363, 324
329, 324
375, 324
359, 324
337, 324
354, 324
362, 324
335, 324
336, 324
308, 324
301, 324
308, 324
377, 324
355, 324
376, 324
356, 324
380, 324
366, 324
378, 324
370, 324
399, 324
420, 324
416, 324
395, 324
415, 324
432, 324
425, 324
406, 324
394, 324
445, 324
455, 324
436, 324
449, 324
407, 324
453, 324
419, 324
410, 324
479, 324
430, 324
466, 324
448, 324
423, 324
490, 324
452, 324
463, 324
433, 324
422, 324
431, 324
406, 324
391, 324
449, 324
416, 324
462, 324
411, 324
420, 324
388, 324
393, 324
367, 324
386, 324
358, 324
315, 324
359, 324
372, 324
335, 324
333, 324
300, 324
347, 324
326, 324
366, 324
346, 324
325, 324
311, 324
346, 324
328, 324
280, 324
361, 324
288, 324
242, 324
344, 324
261, 324
305, 324
329, 324
355, 324
292, 324
316, 324
344, 324
304, 324
297, 324
321, 324
286, 324
310, 324
261, 324
292, 324
323, 324
285, 324
305, 324
295, 324
324, 324
260, 324
326, 324
326, 324
244, 324
258, 324
293, 324
276, 324
310, 324
320, 324
326, 324
311, 324
254, 324
292, 324
305, 324
292, 324
259, 324
284, 324
273, 324
253, 324
281, 324
296, 324
267, 324
252, 324
277, 324
285, 324
227, 324
197, 324
283, 324
255, 324
291, 324
243, 324
264, 324
249, 324
232, 324
248, 324
276, 324
281, 324
275, 324
259, 324
252, 324
228, 324
232, 324
265, 324
260, 324
248, 324
248, 324
271, 324
243, 324
289, 324
280, 324
238, 324
246, 324
304, 324
261, 324
251, 324
297, 324
283, 324
272, 324
301, 324
326, 324
322, 324
292, 324
333, 324
286, 324
325, 324
312, 324
282, 324
288, 324
266, 324
337, 324
321, 324
312, 324
344, 324
332, 324
268, 324
315, 324
333, 324
288, 324
274, 324
276, 324
311, 324
295, 324
309, 324
271, 324
294, 324
274, 324
269, 324
304, 324
276, 324
266, 324
310, 324
304, 324
258, 324
301, 324
248, 324
276, 324
230, 324
260, 324
279, 324
219, 324
204, 324
258, 324
270, 324
221, 324
234, 324
331, 324
277, 324
221, 324
205, 324
250, 324
250, 324
225, 324
216, 324
202, 324
174, 324
200, 324
248, 324
252, 324
263, 324
216, 324
200, 324
231, 324
250, 494
191, 494
226, 494
175, 494
191, 494
209, 494
189, 494
226, 494
248, 494
222, 494
218, 494
215, 494
248, 494
188, 494
197, 494
222, 494
213, 494
239, 494
200, 494
245, 494
225, 494
177, 494
226, 494
183, 494
184, 494
197, 494
205, 494
248, 494
186, 494
186, 494
226, 494
210, 494
238, 494
227, 494
216, 494
182, 494
195, 494
212, 494
210, 494
229, 494
204, 494
197, 494
199, 494
160, 494
163, 494
195, 494
180, 494
201, 494
194, 494
243, 494
209, 494
170, 494
217, 494
208, 494
216, 494
239, 494
182, 494
166, 494
208, 494
210, 494
181, 494
185, 494
178, 494
204, 494
161, 494
202, 494
237, 494
165, 494
183, 494
201, 494
236, 494
181, 494
158, 494
185, 494
193, 494
152, 494
144, 494
138, 494
224, 494
186, 494
173, 494
107, 494
141, 494
141, 494
137, 494
132, 494
227, 494
192, 494
177, 494
157, 494
194, 494
218, 494
197, 494
123, 494
126, 494
114, 494
130, 494
144, 494
140, 494
190, 494
174, 494
141, 494
171, 494
161, 494
196, 494
160, 494
124, 494
207, 494
157, 494
148, 494
174, 494
154, 494
188, 494
165, 494
192, 494
179, 494
180, 494
165, 494
199, 494
163, 494
201, 494
136, 494
159, 494
176, 494
163, 494
193, 494
193, 494
133, 494
139, 494
152, 494
163, 494
147, 494
183, 494
211, 494
129, 494
159, 494
160, 494
213, 494
142, 494
122, 494
178, 494
122, 494
153, 494
142, 494
168, 494
160, 494
149, 494
170, 494
143, 494
135, 494
87, 494
133, 494
135, 494
157, 494
199, 494
148, 494
167, 494
210, 494
131, 494
142, 494
130, 494
157, 494
125, 494
117, 494
128, 494
145, 494
144, 494
134, 494
165, 494
150, 494
125, 494
116, 494
175, 494
117, 494
152, 494
142, 494
135, 494
81, 494
141, 494
135, 494
118, 494
143, 494
146, 494
118, 494
143, 494
172, 494
141, 494
140, 494
111, 494
161, 494
135, 494
117, 494
126, 494
134, 494
129, 494
139, 494
128, 494
126, 494
121, 494
133, 494
121, 494
136, 494
129, 494
156, 494
111, 494
104, 494
134, 494
114, 494
83, 494
89, 494
166, 494
103, 494
90, 494
95, 494
87, 494
123, 494
121, 494
123, 494
160, 494
138, 494
150, 494
79, 494
111, 494
88, 494
129, 494
138, 494
122, 494
90, 494
134, 494
118, 494
181, 494
157, 494
116, 494
120, 494
77, 494
101, 494
133, 494
89, 494
119, 494
130, 494
90, 494
83, 494
114, 494
102, 494
119, 494
117, 494
94, 494
72, 494
104, 494
133, 494
130, 494
92, 494
126, 494
89, 494
111, 494
112, 494
87, 494
153, 494
88, 494
108, 494
136, 494
88, 494
140, 494
135, 494
112, 494
126, 494
125, 494
116, 494
153, 494
122, 494
107, 494
63, 494
105, 494
96, 494
104, 494
143, 494
95, 494
111, 494
148, 494
86, 494
82, 494
169, 494
105, 494
115, 494
120, 494
122, 494
128, 494
121, 494
90, 494
96, 494
137, 494
125, 494
122, 494
134, 494
91, 494
133, 494
85, 494
91, 494
145, 494
132, 494
78, 494
83, 494
91, 494
131, 494
56, 494
126, 494
112, 494
137, 494
98, 494
96, 494
138, 494
112, 494
111, 494
122, 494
137, 494
161, 494
113, 494
102, 494
100, 494
102, 494
74, 494
141, 494
105, 494
167, 494
100, 494
100, 494
134, 494
124, 494
90, 494
123, 494
138, 494
118, 494
106, 494
134, 494
154, 494
145, 494
132, 494
111, 494
108, 494
91, 494
97, 494
140, 494
80, 494
112, 494
72, 494
82, 494
111, 494
73, 494
138, 494
132, 494
106, 494
136, 494
95, 494
68, 494
62, 494
114, 494
98, 494
70, 494
133, 494
57, 494
84, 494
120, 494
70, 494
137, 494
111, 494
75, 494
131, 494
97, 494
80, 494
90, 494
96, 494
107, 494
101, 494
87, 494
79, 494
123, 494
75, 494
118, 494
168, 494
111, 494
113, 494
94, 494
90, 494
74, 494
76, 494
92, 494
153, 494
80, 494
79, 494
47, 494
79, 494
110, 494
101, 494
61, 494
85, 494
84, 494
79, 494
62, 494
107, 494
80, 494
176, 256
212, 256
191, 256
246, 256
253, 256
247, 256
209, 256
259, 256
225, 256
238, 256
244, 256
223, 256
245, 256
268, 256
218, 256
237, 256
281, 256
261, 256
266, 256
237, 256
261, 256
283, 256
289, 256
280, 256
238, 256
274, 256
246, 256
278, 256
284, 256
236, 256
285, 256
251, 256
235, 256
226, 256
277, 256
282, 256
267, 256
246, 256
269, 256
247, 256
287, 256
267, 256
272, 256
283, 256
212, 256
259, 256
258, 256
303, 256
307, 256
277, 256
262, 256
242, 256
219, 256
276, 256
269, 256
263, 256
216, 256
290, 256
333, 256
272, 256
297, 256
247, 256
247, 256
298, 256
260, 256
239, 256
249, 256
228, 256
243, 256
261, 256
277, 256
255, 256
228, 256
235, 256
319, 256
234, 256
204, 256
240, 256
191, 256
195, 256
191, 256
166, 256
263, 256
258, 256
191, 256
216, 256
197, 256
183, 256
207, 256
212, 256
189, 256
151, 256
146, 256
139, 256
191, 256
217, 256
174, 256
188, 256
193, 256
204, 256
175, 256
149, 256
196, 256
227, 256
256, 256
190, 256
215, 256
223, 256
198, 256
180, 256
196, 256
224, 256
239, 256
225, 256
258, 256
237, 256
279, 256
277, 256
204, 256
220, 256
197, 256
234, 256
236, 256
299, 256
272, 256
273, 256
295, 256
265, 256
239, 256
225, 256
259, 256
279, 256
225, 256
222, 256
239, 256
231, 256
285, 256
284, 256
290, 256
264, 256
264, 256
273, 256
285, 256
314, 256
314, 256
294, 256
255, 256
271, 256
281, 256
312, 256
294, 256
280, 256
344, 256
303, 256
280, 256
314, 256
336, 256
316, 256
288, 256
316, 256
340, 256
328, 256
391, 256
358, 256
375, 256
384, 256
413, 256
410, 256
392, 256
411, 256
409, 256
383, 256
369, 256
463, 256
455, 256
397, 256
455, 256
429, 256
454, 256
454, 256
487, 256
419, 256
467, 256
461, 256
457, 256
463, 256
476, 256
447, 256
456, 256
475, 256
463, 256
431, 256
443, 256
436, 256
428, 256
431, 256
480, 256
476, 256
395, 256
436, 256
422, 256
431, 256
402, 256
405, 256
415, 256
387, 256
434, 256
420, 256
379, 256
411, 256
332, 256
400, 256
397, 256
381, 256
351, 256
372, 256
357, 256
359, 256
355, 256
333, 256
351, 256
370, 256
397, 256
325, 256
372, 256
352, 256
343, 256
366, 256
354, 256
324, 256
364, 256
371, 256
385, 256
338, 256
325, 256
320, 256
324, 256
355, 256
339, 256
347, 256
323, 256
365, 256
383, 256
348, 256
369, 256
348, 256
320, 256
321, 256
353, 256
327, 256
353, 256
365, 256
358, 256
358, 256
360, 256
309, 256
351, 256
345, 256
370, 256
349, 256
351, 256
331, 256
354, 256
343, 256
383, 256
324, 256
352, 256
347, 256
326, 256
328, 256
362, 256
382, 256
364, 256
347, 256
370, 256
377, 256
354, 256
345, 256
344, 256
324, 256
339, 256
371, 256
344, 256
398, 256
401, 256
369, 256
379, 256
370, 256
372, 256
435, 256
392, 256
435, 256
425, 256
392, 256
421, 256
461, 256
373, 256
423, 256
427, 256
399, 256
429, 256
443, 256
467, 256
409, 256
410, 256
418, 256
450, 256
424, 256
446, 256
443, 256
441, 256
444, 256
434, 256
409, 256
445, 256
430, 256
447, 256
468, 256
475, 256
429, 256
437, 256
461, 256
444, 256
390, 256
431, 256
426, 256
435, 256
365, 256
433, 256
373, 256
399, 256
370, 256
368, 256
368, 256
395, 256
365, 256
381, 256
346, 256
371, 256
347, 256
358, 256
324, 256
337, 256
326, 256
335, 256
317, 256
343, 256
294, 256
292, 256
339, 256
342, 256
307, 256
310, 256
359, 256
269, 256
309, 256
334, 256
323, 256
312, 256
290, 256
359, 256
297, 256
346, 256
321, 256
279, 256
293, 256
278, 256
348, 256
294, 256
279, 256
280, 256
295, 256
320, 256
313, 256
303, 256
278, 256
301, 256
331, 256
289, 256
334, 256
257, 256
278, 256
289, 256
272, 256
314, 256
279, 256
299, 256
287, 256
319, 256
303, 256
329, 256
320, 256
329, 256
334, 256
290, 256
299, 256
324, 256
296, 256
322, 256
323, 256
309, 487
319, 487
278, 487
299, 487
350, 487
323, 487
277, 487
317, 487
324, 487
339, 487
335, 487
318, 487
327, 487
356, 487
350, 487
357, 487
342, 487
374, 487
354, 487
362, 487
308, 487
360, 487
354, 487
346, 487
356, 487
418, 487
391, 487
406, 487
392, 487
446, 487
347, 487
410, 487
388, 487
412, 487
451, 487
370, 487
388, 487
403, 487
399, 487
420, 487
376, 487
407, 487
393, 487
392, 487
387, 487
423, 487
405, 487
420, 487
405, 487
372, 487
343, 487
415, 487
403, 487
351, 487
398, 487
364, 487
351, 487
373, 487
373, 487
396, 487
355, 487
329, 487
309, 487
318, 487
384, 487
393, 487
345, 487
304, 487
350, 487
362, 487
304, 487
295, 487
281, 487
317, 487
343, 487
302, 487
313, 487
269, 487
318, 487
330, 487
313, 487
265, 487
302, 487
323, 487
301, 487
254, 487
317, 487
318, 487
313, 487
242, 487
281, 487
321, 487
273, 487
292, 487
341, 487
294, 487
297, 487
304, 487
309, 487
316, 487
297, 487
321, 487
321, 487
296, 487
283, 487
349, 487
334, 487
275, 487
329, 487
349, 487
303, 487
313, 487
329, 487
329, 487
297, 487
343, 487
256, 487
309, 487
305, 487
303, 487
320, 487
304, 487
277, 487
308, 487
306, 487
318, 487
338, 487
339, 487
271, 487
311, 487
327, 487
321, 487
304, 487
348, 487
330, 487
299, 487
324, 487
271, 487
307, 487
293, 487
317, 487
288, 487
330, 487
353, 487
266, 487
283, 487
303, 487
263, 487
352, 487
352, 487
327, 487
311, 487
332, 487
321, 487
321, 487
345, 487
345, 487
335, 487
315, 487
328, 487
320, 487
322, 487
370, 487
355, 487
343, 487
366, 487
321, 487
303, 487
293, 487
281, 487
333, 487
299, 487
347, 487
305, 487
332, 487
310, 487
294, 487
285, 487
294, 487
283, 487
295, 487
304, 487
287, 487
306, 487
303, 487
269, 487
214, 487
249, 487
273, 487
238, 487
261, 487
274, 487
284, 487
284, 487
254, 487
243, 487
277, 487
242, 487
251, 487
220, 487
247, 487
296, 487
290, 487
267, 487
271, 487
275, 487
276, 487
270, 487
232, 487
256, 487
211, 487
278, 487
251, 487
255, 487
246, 487
217, 487
234, 487
291, 487
293, 487
265, 487
291, 487
286, 487
282, 487
261, 487
236, 487
218, 487
268, 487
268, 487
252, 487
248, 487
283, 487
236, 487
198, 487
212, 487
230, 487
202, 487
198, 487
263, 487
248, 487
219, 487
271, 487
259, 487
211, 487
265, 487
264, 487
227, 487
248, 487
231, 487
239, 487
239, 487
264, 487
246, 487
228, 487
224, 487
215, 487
202, 487
239, 487
201, 487
232, 487
217, 487
234, 487
243, 487
273, 487
215, 487
246, 487
210, 487
213, 487
192, 487
266, 487
224, 487
192, 487
203, 487
221, 487
236, 487
278, 487
243, 487
211, 487
179, 487
163, 487
190, 487
213, 487
212, 487
181, 487
229, 487
207, 487
221, 487
138, 487
218, 487
179, 487
227, 487
221, 487
224, 487
220, 487
199, 487
239, 487
216, 487
208, 487
169, 487
222, 487
248, 487
222, 487
184, 487
210, 487
270, 487
250, 487
222, 487
171, 487
199, 487
207, 487
183, 487
160, 487
196, 487
233, 487
210, 487
202, 487
170, 487
202, 487
196, 487
182, 487
142, 487
196, 487
213, 487
224, 487
173, 487
228, 487
168, 487
188, 487
184, 487
177, 487
193, 487
179, 487
157, 487
169, 487
149, 487
146, 487
187, 487
179, 487
143, 487
194, 487
175, 487
140, 487
180, 487
151, 487
129, 487
147, 487
130, 487
171, 487
218, 487
218, 487
159, 487
143, 487
100, 487
178, 487
125, 487
120, 487
175, 487
177, 487
121, 487
118, 487
190, 487
145, 487
147, 487
131, 487
157, 487
125, 487
145, 487
191, 487
211, 487
120, 487
132, 487
162, 487
162, 487
202, 487
168, 487
158, 487
153, 487
207, 487
179, 487
146, 487
143, 487
163, 487
172, 487
127, 487
142, 487
158, 487
122, 487
112, 487
137, 487
185, 487
134, 487
156, 487
138, 487
160, 487
153, 487
213, 487
164, 487
146, 487
151, 487
190, 487
221, 487
255, 451
257, 451
266, 451
238, 451
210, 451
306, 451
291, 451
288, 451
268, 451
241, 451
325, 451
294, 451
296, 451
223, 451
309, 451
314, 451
292, 451
296, 451
261, 451
309, 451
255, 451
298, 451
312, 451
301, 451
324, 451
310, 451
313, 451
335, 451
305, 451
297, 451
273, 451
342, 451
350, 451
328, 451
343, 451
322, 451
305, 451
348, 451
354, 451
322, 451
342, 451
338, 451
363, 451
373, 451
335, 451
312, 451
344, 451
370, 451
324, 451
348, 451
350, 451
383, 451
378, 451
356, 451
308, 451
368, 451
370, 451
355, 451
378, 451
362, 451
408, 451
396, 451
412, 451
369, 451
383, 451
473, 451
420, 451
398, 451
393, 451
420, 451
417, 451
463, 451
453, 451
423, 451
427, 451
420, 451
422, 451
430, 451
412, 451
461, 451
479, 451
409, 451
413, 451
435, 451
418, 451
397, 451
382, 451
442, 451
434, 451
434, 451
383, 451
432, 451
434, 451
371, 451
407, 451
398, 451
408, 451
403, 451
407, 451
394, 451
379, 451
395, 451
362, 451
361, 451
379, 451
358, 451
369, 451
369, 451
338, 451
345, 451
386, 451
380, 451
353, 451
288, 451
362, 451
386, 451
283, 451
374, 451
340, 451
367, 451
395, 451
358, 451
385, 451
368, 451
377, 451
361, 451
371, 451
376, 451
335, 451
393, 451
365, 451
387, 451
384, 451
397, 451
383, 451
405, 451
404, 451
423, 451
405, 451
384, 451
388, 451
376, 451
375, 451
394, 451
415, 451
374, 451
408, 451
399, 451
407, 451
392, 451
430, 451
441, 451
381, 451
402, 451
397, 451
379, 451
372, 451
376, 451
354, 451
396, 451
374, 451
436, 451
382, 451
429, 451
425, 451
400, 451
396, 451
437, 451
361, 451
421, 451
401, 451
444, 451
447, 451
440, 451
444, 451
451, 451
446, 451
496, 451
410, 451
482, 451
510, 451
513, 451
465, 451
493, 451
506, 451
524, 451
497, 451
474, 451
481, 451
466, 451
528, 451
527, 451
525, 451
502, 451
516, 451
537, 451
512, 451
550, 451
555, 451
545, 451
517, 451
522, 451
489, 451
540, 451
550, 451
550, 451
523, 451
511, 451
538, 451
555, 451
564, 451
561, 451
466, 451
473, 451
491, 451
547, 451
500, 451
514, 451
463, 451
469, 451
476, 451
459, 451
504, 451
489, 451
500, 451
483, 451
426, 451
421, 451
442, 451
461, 451
465, 451
432, 451
418, 451
385, 451
386, 451
467, 451
430, 451
413, 451
452, 451
352, 451
379, 451
352, 451
372, 451
397, 451
426, 451
434, 451
397, 451
382, 451
360, 451
403, 451
374, 451
394, 451
344, 451
329, 451
429, 451
379, 451
375, 451
399, 451
413, 451
377, 451
434, 451
412, 451
372, 451
382, 451
369, 451
382, 451
376, 451
363, 451
383, 451
397, 451
380, 451
398, 451
407, 451
433, 451
430, 451
439, 451
378, 451
398, 451
371, 451
377, 451
392, 451
391, 451
369, 451
377, 451
337, 451
374, 451
388, 451
382, 451
378, 451
413, 451
402, 451
390, 451
422, 451
391, 451
383, 451
404, 451
366, 451
374, 451
366, 451
417, 451
364, 451
426, 451
389, 451
451, 451
420, 451
395, 451
445, 451
381, 451
412, 451
477, 451
408, 451
477, 451
407, 451
459, 451
491, 451
417, 451
431, 451
407, 451
470, 451
452, 451
428, 451
443, 451
425, 451
463, 451
448, 451
425, 451
466, 451
452, 451
454, 451
401, 451
452, 451
435, 451
455, 451
454, 451
476, 451
447, 451
450, 451
422, 451
425, 451
488, 451
432, 451
466, 451
453, 451
461, 451
400, 451
423, 451
375, 451
397, 451
366, 451
369, 451
373, 451
373, 451
354, 451
329, 451
346, 451
334, 451
370, 451
352, 451
323, 451
314, 451
294, 451
342, 451
363, 451
332, 451
337, 451
294, 451
313, 451
304, 451
320, 451
308, 451
265, 451
295, 451
324, 451
299, 451
327, 451
293, 451
281, 451
253, 451
293, 451
354, 451
317, 451
338, 451
328, 451
293, 451
319, 451
312, 451
349, 451
273, 451
343, 451
292, 451
279, 451
306, 451
321, 451
309, 451
304, 451
302, 451
287, 451
302, 451
293, 451
271, 451
241, 564
299, 564
279, 564
289, 564
279, 564
295, 564
307, 564
336, 564
301, 564
260, 564
269, 564
304, 564
342, 564
275, 564
278, 564
260, 564
286, 564
322, 564
314, 564
283, 564
288, 564
327, 564
278, 564
313, 564
340, 564
283, 564
298, 564
325, 564
297, 564
308, 564
316, 564
313, 564
260, 564
303, 564
294, 564
281, 564
362, 564
296, 564
311, 564
326, 564
368, 564
367, 564
407, 564
347, 564
347, 564
408, 564
357, 564
373, 564
377, 564
406, 564
333, 564
400, 564
387, 564
356, 564
370, 564
428, 564
382, 564
397, 564
353, 564
406, 564
392, 564
380, 564
398, 564
366, 564
380, 564
362, 564
381, 564
343, 564
370, 564
324, 564
329, 564
385, 564
327, 564
359, 564
329, 564
331, 564
335, 564
330, 564
321, 564
323, 564
338, 564
258, 564
310, 564
312, 564
320, 564
297, 564
315, 564
311, 564
317, 564
304, 564
292, 564
304, 564
313, 564
325, 564
309, 564
302, 564
322, 564
301, 564
271, 564
294, 564
277, 564
288, 564
288, 564
300, 564
316, 564
318, 564
309, 564
294, 564
335, 564
311, 564
326, 564
258, 564
273, 564
262, 564
291, 564
274, 564
305, 564
265, 564
287, 564
285, 564
331, 564
256, 564
294, 564
271, 564
296, 564
282, 564
303, 564
297, 564
310, 564
314, 564
348, 564
326, 564
319, 564
308, 564
332, 564
283, 564
301, 564
272, 564
301, 564
287, 564
258, 564
244, 564
261, 564
253, 564
282, 564
254, 564
265, 564
260, 564
287, 564
330, 564
299, 564
300, 564
261, 564
264, 564
309, 564
304, 564
269, 564
279, 564
295, 564
275, 564
302, 564
297, 564
265, 564
291, 564
282, 564
252, 564
275, 564
327, 564
260, 564
259, 564
315, 564
272, 564
325, 564
271, 564
264, 564
259, 564
239, 564
294, 564
293, 564
272, 564
324, 564
280, 564
293, 564
273, 564
274, 564
323, 564
276, 564
299, 564
240, 564
223, 564
248, 564
243, 564
242, 564
272, 564
317, 564
267, 564
266, 564
227, 564
224, 564
239, 564
240, 564
292, 564
224, 564
271, 564
254, 564
219, 564
202, 564
213, 564
229, 564
215, 564
225, 564
214, 564
247, 564
231, 564
252, 564
265, 564
236, 564
252, 564
225, 564
199, 564
213, 564
247, 564
200, 564
214, 564
248, 564
222, 564
191, 564
209, 564
211, 564
162, 564
263, 564
261, 564
210, 564
200, 564
206, 564
226, 564
237, 564
244, 564
226, 564
198, 564
177, 564
158, 564
218, 564
197, 564
231, 564
209, 564
196, 564
195, 564
209, 564
200, 564
224, 564
204, 564
277, 564
199, 564
149, 564
216, 564
210, 564
193, 564
215, 564
195, 564
157, 564
238, 564
191, 564
234, 564
245, 564
225, 564
184, 564
179, 564
202, 564
229, 564
211, 564
242, 564
192, 564
175, 564
179, 564
215, 564
184, 564
188, 564
172, 564
177, 564
212, 564
173, 564
182, 564
178, 564
187, 564
179, 564
200, 564
212, 564
215, 564
227, 564
157, 564
182, 564
176, 564
224, 564
234, 564
173, 564
192, 564
206, 564
192, 564
178, 564
237, 564
163, 564
179, 564
186, 564
196, 564
176, 564
191, 564
200, 564
209, 564
167, 564
207, 564
146, 564
161, 564
134, 564
189, 564
221, 564
150, 564
141, 564
145, 564
145, 564
136, 564
213, 564
151, 564
198, 564
180, 564
145, 564
143, 564
195, 564
183, 564
125, 564
196, 564
177, 564
139, 564
152, 564
142, 564
163, 564
165, 564
144, 564
154, 564
172, 564
130, 564
146, 564
146, 564
179, 564
155, 564
169, 564
148, 564
158, 564
170, 564
154, 564
154, 564
144, 564
161, 564
112, 564
128, 564
170, 564
201, 564
115, 564
173, 564
170, 564
112, 564
158, 564
107, 564
154, 564
148, 564
175, 564
145, 564
138, 564
171, 564
172, 564
165, 564
178, 564
183, 564
152, 564
179, 564
179, 564
167, 564
142, 564
153, 564
157, 564
185, 564
188, 564
137, 564
80, 564
131, 564
150, 564
130, 564
94, 564
158, 564
175, 564
208, 564
189, 564
148, 564
160, 564
166, 564
142, 564
130, 564
172, 564
152, 564
169, 564
191, 428
212, 428
215, 428
225, 428
239, 428
231, 428
211, 428
208, 428
237, 428
258, 428
239, 428
249, 428
281, 428
291, 428
233, 428
234, 428
238, 428
191, 428
192, 428
250, 428
213, 428
224, 428
214, 428
248, 428
289, 428
251, 428
219, 428
263, 428
275, 428
263, 428
287, 428
263, 428
234, 428
267, 428
283, 428
292, 428
316, 428
250, 428
216, 428
333, 428
294, 428
261, 428
248, 428
274, 428
289, 428
259, 428
273, 428
276, 428
257, 428
274, 428
241, 428
235, 428
278, 428
345, 428
308, 428
271, 428
282, 428
265, 428
254, 428
288, 428
284, 428
284, 428
215, 428
296, 428
305, 428
293, 428
253, 428
250, 428
331, 428
270, 428
271, 428
288, 428
307, 428
349, 428
284, 428
300, 428
256, 428
321, 428
336, 428
369, 428
359, 428
360, 428
391, 428
380, 428
451, 428
427, 428
380, 428
412, 428
401, 428
411, 428
466, 428
407, 428
468, 428
462, 428
457, 428
477, 428
454, 428
516, 428
557, 428
536, 428
521, 428
488, 428
467, 428
525, 428
499, 428
526, 428
549, 428
541, 428
527, 428
506, 428
507, 428
532, 428
536, 428
541, 428
541, 428
539, 428
562, 428
565, 428
566, 428
541, 428
555, 428
516, 428
514, 428
548, 428
523, 428
515, 428
514, 428
448, 428
505, 428
503, 428
513, 428
528, 428
504, 428
500, 428
507, 428
527, 428
451, 428
486, 428
493, 428
495, 428
448, 428
482, 428
439, 428
455, 428
470, 428
437, 428
449, 428
484, 428
469, 428
488, 428
493, 428
469, 428
469, 428
475, 428
511, 428
531, 428
484, 428
494, 428
531, 428
529, 428
527, 428
480, 428
511, 428
475, 428
495, 428
468, 428
517, 428
537, 428
526, 428
520, 428
496, 428
517, 428
521, 428
484, 428
502, 428
539, 428
519, 428
508, 428
513, 428
560, 428
532, 428
497, 428
523, 428
515, 428
511, 428
511, 428
534, 428
554, 428
561, 428
559, 428
554, 428
602, 428
546, 428
526, 428
534, 428
547, 428
552, 428
523, 428
560, 428
507, 428
530, 428
505, 428
491, 428
529, 428
550, 428
544, 428
579, 428
520, 428
545, 428
554, 428
502, 428
534, 428
570, 428
558, 428
592, 428
579, 428
580, 428
607, 428
587, 428
579, 428
618, 428
613, 428
606, 428
583, 428
625, 428
632, 428
631, 428
605, 428
642, 428
643, 428
598, 428
620, 428
659, 428
566, 428
570, 428
619, 428
592, 428
611, 428
608, 428
655, 428
645, 428
638, 428
617, 428
615, 428
633, 428
601, 428
573, 428
638, 428
643, 428
619, 428
581, 428
572, 428
630, 428
581, 428
622, 428
592, 428
566, 428
563, 428
527, 428
552, 428
562, 428
495, 428
514, 428
511, 428
524, 428
558, 428
540, 428
535, 428
521, 428
492, 428
517, 428
563, 428
518, 428
477, 428
517, 428
457, 428
510, 428
501, 428
503, 428
495, 428
493, 428
475, 428
452, 428
497, 428
489, 428
512, 428
517, 428
498, 428
468, 428
510, 428
490, 428
493, 428
470, 428
481, 428
486, 428
428, 428
447, 428
436, 428
470, 428
460, 428
453, 428
428, 428
431, 428
451, 428
425, 428
473, 428
476, 428
478, 428
468, 428
454, 428
438, 428
436, 428
434, 428
452, 428
428, 428
397, 428
473, 428
500, 428
430, 428
432, 428
453, 428
465, 428
419, 428
414, 428
456, 428
411, 428
429, 428
430, 428
388, 428
429, 428
444, 428
391, 428
392, 428
405, 428
405, 428
435, 428
397, 428
442, 428
437, 428
427, 428
412, 428
391, 428
444, 428
397, 428
367, 428
380, 428
379, 428
392, 428
427, 428
433, 428
382, 428
395, 428
408, 428
400, 428
385, 428
420, 428
360, 428
410, 428
401, 428
435, 428
413, 428
376, 428
367, 428
412, 428
408, 428
371, 428
419, 428
433, 428
401, 428
387, 428
394, 428
379, 428
360, 428
363, 428
411, 428
330, 428
329, 428
355, 428
345, 428
355, 428
331, 428
328, 428
306, 428
334, 428
360, 428
336, 428
362, 428
400, 428
344, 428
352, 428
356, 428
363, 428
354, 428
364, 428
397, 428
282, 428
338, 428
295, 428
281, 428
285, 428
320, 659
350, 659
318, 659
313, 659
331, 659
330, 659
348, 659
364, 659
310, 659
315, 659
313, 659
339, 659
327, 659
268, 659
337, 659
333, 659
329, 659
300, 659
325, 659
353, 659
270, 659
311, 659
310, 659
313, 659
283, 659
336, 659
297, 659
317, 659
318, 659
338, 659
297, 659
287, 659
305, 659
313, 659
312, 659
301, 659
311, 659
296, 659
343, 659
302, 659
271, 659
307, 659
318, 659
300, 659
303, 659
301, 659
292, 659
287, 659
285, 659
305, 659
277, 659
314, 659
331, 659
291, 659
298, 659
250, 659
282, 659
260, 659
270, 659
282, 659
245, 659
273, 659
269, 659
309, 659
289, 659
238, 659
280, 659
318, 659
302, 659
257, 659
284, 659
231, 659
261, 659
302, 659
281, 659
245, 659
254, 659
267, 659
263, 659
265, 659
293, 659
255, 659
210, 659
255, 659
221, 659
252, 659
261, 659
260, 659
246, 659
332, 659
287, 659
258, 659
256, 659
260, 659
276, 659
280, 659
250, 659
276, 659
261, 659
209, 659
231, 659
244, 659
241, 659
237, 659
229, 659
243, 659
233, 659
240, 659
259, 659
234, 659
234, 659
209, 659
201, 659
216, 659
233, 659
198, 659
196, 659
274, 659
234, 659
270, 659
234, 659
196, 659
231, 659
237, 659
230, 659
176, 659
169, 659
211, 659
247, 659
239, 659
253, 659
191, 659
191, 659
229, 659
160, 659
220, 659
205, 659
207, 659
200, 659
170, 659
244, 659
241, 659
236, 659
188, 659
221, 659
227, 659
222, 659
201, 659
233, 659
196, 659
195, 659
245, 659
180, 659
170, 659
164, 659
178, 659
207, 659
193, 659
179, 659
244, 659
232, 659
204, 659
177, 659
193, 659
206, 659
179, 659
201, 659
167, 659
199, 659
233, 659
223, 659
172, 659
192, 659
173, 659
228, 659
198, 659
218, 659
200, 659
182, 659
190, 659
260, 659
219, 659
201, 659
155, 659
179, 659
102, 659
219, 659
196, 659
197, 659
175, 659
172, 659
193, 659
149, 659
177, 659
194, 659
217, 659
192, 659
160, 659
154, 659
204, 659
229, 659
148, 659
230, 659
169, 659
146, 659
161, 659
119, 659
141, 659
141, 659
205, 659
143, 659
194, 659
170, 659
190, 659
165, 659
189, 659
187, 659
151, 659
157, 659
139, 659
170, 659
172, 659
173, 659
174, 659
159, 659
121, 659
132, 659
156, 659
186, 659
171, 659
104, 659
128, 659
182, 659
153, 659
138, 659
166, 659
137, 659
130, 659
172, 659
143, 659
211, 659
150, 659
118, 659
148, 659
220, 659
163, 659
169, 659
157, 659
131, 659
171, 659
143, 659
158, 659
129, 659
185, 659
190, 659
158, 659
124, 659
177, 659
157, 659
144, 659
126, 659
168, 659
157, 659
154, 659
163, 659
191, 659
160, 659
211, 659
158, 659
101, 659
147, 659
191, 659
149, 659
154, 659
148, 659
169, 659
133, 659
139, 659
173, 659
133, 659
183, 659
181, 659
169, 659
149, 659
148, 659
124, 659
157, 659
153, 659
192, 659
132, 659
122, 659
145, 659
186, 659
145, 659
151, 659
163, 659
203, 659
141, 659
123, 659
136, 659
148, 659
152, 659
187, 659
149, 659
125, 659
142, 659
120, 659
126, 659
122, 659
134, 659
161, 659
158, 659
192, 659
151, 659
144, 659
168, 659
141, 659
117, 659
143, 659
149, 659
159, 659
131, 659
125, 659
135, 659
174, 659
202, 659
219, 659
164, 659
150, 659
212, 659
155, 659
141, 659
172, 659
100, 659
99, 659
121, 659
140, 659
140, 659
88, 659
124, 659
118, 659
181, 659
156, 659
164, 659
160, 659
132, 659
133, 659
137, 659
92, 659
130, 659
103, 659
136, 659
169, 659
130, 659
115, 659
126, 659
167, 659
146, 659
158, 659
97, 659
120, 659
132, 659
136, 659
155, 659
171, 659
132, 659
159, 659
127, 659
161, 659
88, 659
151, 659
96, 659
112, 659
120, 659
60, 659
136, 659
133, 659
107, 659
91, 659
112, 659
80, 659
123, 659
111, 659
123, 659
170, 659
133, 659
124, 659
80, 659
125, 659
121, 659
130, 659
157, 659
145, 659
69, 659
107, 659
176, 659
129, 659
124, 659
72, 659
135, 659
252, 364
227, 364
254, 364
262, 364
292, 364
293, 364
293, 364
311, 364
265, 364
319, 364
312, 364
306, 364
273, 364
330, 364
313, 364
358, 364
274, 364
269, 364
308, 364
280, 364
299, 364
307, 364
305, 364
280, 364
327, 364
368, 364
375, 364
344, 364
353, 364
348, 364
356, 364
358, 364
361, 364
395, 364
357, 364
361, 364
385, 364
357, 364
371, 364
394, 364
383, 364
357, 364
363, 364
362, 364
392, 364
434, 364
382, 364
397, 364
389, 364
421, 364
376, 364
419, 364
406, 364
415, 364
424, 364
419, 364
433, 364
416, 364
435, 364
447, 364
411, 364
415, 364
403, 364
411, 364
460, 364
443, 364
411, 364
426, 364
422, 364
381, 364
467, 364
487, 364
502, 364
416, 364
472, 364
448, 364
426, 364
468, 364
487, 364
504, 364
491, 364
488, 364
506, 364
510, 364
499, 364
490, 364
539, 364
461, 364
493, 364
485, 364
495, 364
504, 364
428, 364
475, 364
510, 364
502, 364
464, 364
492, 364
477, 364
466, 364
509, 364
503, 364
489, 364
445, 364
450, 364
431, 364
419, 364
460, 364
493, 364
428, 364
445, 364
454, 364
420, 364
443, 364
479, 364
472, 364
421, 364
436, 364
467, 364
416, 364
458, 364
450, 364
453, 364
465, 364
441, 364
433, 364
452, 364
435, 364
460, 364
489, 364
460, 364
488, 364
478, 364
465, 364
457, 364
466, 364
499, 364
496, 364
476, 364
483, 364
514, 364
503, 364
472, 364
517, 364
519, 364
484, 364
531, 364
509, 364
502, 364
524, 364
512, 364
491, 364
491, 364
510, 364
534, 364
530, 364
520, 364
525, 364
530, 364
541, 364
538, 364
496, 364
532, 364
524, 364
508, 364
505, 364
486, 364
537, 364
536, 364
533, 364
547, 364
539, 364
528, 364
527, 364
550, 364
539, 364
572, 364
558, 364
564, 364
555, 364
573, 364
605, 364
632, 364
602, 364
602, 364
564, 364
646, 364
671, 364
653, 364
604, 364
602, 364
633, 364
634, 364
643, 364
641, 364
618, 364
615, 364
651, 364
627, 364
654, 364
616, 364
684, 364
656, 364
596, 364
651, 364
663, 364
599, 364
652, 364
629, 364
691, 364
599, 364
646, 364
659, 364
651, 364
635, 364
646, 364
629, 364
660, 364
614, 364
646, 364
586, 364
632, 364
596, 364
575, 364
595, 364
590, 364
582, 364
618, 364
591, 364
613, 364
577, 364
526, 364
573, 364
556, 364
517, 364
584, 364
513, 364
536, 364
517, 364
519, 364
528, 364
496, 364
494, 364
557, 364
509, 364
474, 364
487, 364
482, 364
547, 364
514, 364
479, 364
481, 364
495, 364
472, 364
475, 364
540, 364
480, 364
475, 364
491, 364
548, 364
494, 364
495, 364
489, 364
504, 364
458, 364
475, 364
503, 364
474, 364
529, 364
462, 364
485, 364
498, 364
471, 364
475, 364
414, 364
451, 364
431, 364
467, 364
467, 364
439, 364
435, 364
450, 364
454, 364
433, 364
428, 364
452, 364
448, 364
433, 364
443, 364
440, 364
460, 364
450, 364
469, 364
420, 364
443, 364
413, 364
395, 364
403, 364
402, 364
368, 364
390, 364
367, 364
404, 364
389, 364
402, 364
431, 364
408, 364
418, 364
386, 364
389, 364
412, 364
383, 364
454, 364
377, 364
384, 364
412, 364
411, 364
376, 364
418, 364
380, 364
356, 364
394, 364
382, 364
359, 364
389, 364
377, 364
374, 364
392, 364
397, 364
351, 364
343, 364
390, 364
373, 364
320, 364
354, 364
319, 364
324, 364
309, 364
333, 364
364, 364
371, 364
372, 364
331, 364
394, 364
346, 364
324, 364
353, 364
373, 364
359, 364
323, 364
347, 364
353, 364
389, 364
335, 364
271, 364
333, 364
298, 364
327, 364
329, 364
300, 364
305, 364
320, 364
303, 364
307, 364
331, 364
319, 364
322, 364
305, 364
307, 364
305, 364
281, 364
300, 364
331, 364
364, 364
345, 364
293, 364
270, 364
334, 364
306, 364
341, 364
320, 364
331, 364
318, 364
317, 364
332, 364
304, 364
302, 364
328, 364
268, 364
298, 364
328, 364
369, 364
304, 364
308, 364
321, 364
302, 364
267, 364
276, 364
334, 364
309, 364
230, 691
322, 691
288, 691
290, 691
284, 691
337, 691
321, 691
339, 691
281, 691
287, 691
305, 691
279, 691
262, 691
238, 691
263, 691
272, 691
290, 691
275, 691
238, 691
257, 691
286, 691
270, 691
302, 691
247, 691
303, 691
243, 691
301, 691
271, 691
236, 691
277, 691
285, 691
231, 691
251, 691
249, 691
239, 691
256, 691
228, 691
278, 691
237, 691
245, 691
268, 691
263, 691
253, 691
200, 691
253, 691
249, 691
250, 691
270, 691
282, 691
283, 691
265, 691
253, 691
247, 691
274, 691
307, 691
229, 691
242, 691
249, 691
301, 691
297, 691
241, 691
290, 691
240, 691
249, 691
282, 691
219, 691
243, 691
229, 691
212, 691
229, 691
215, 691
219, 691
259, 691
249, 691
196, 691
199, 691
261, 691
299, 691
260, 691
206, 691
232, 691
174, 691
200, 691
246, 691
160, 691
171, 691
171, 691
209, 691
189, 691
237, 691
234, 691
237, 691
210, 691
174, 691
229, 691
200, 691
203, 691
166, 691
222, 691
210, 691
226, 691
241, 691
278, 691
205, 691
222, 691
209, 691
166, 691
225, 691
217, 691
214, 691
195, 691
210, 691
189, 691
165, 691
207, 691
230, 691
274, 691
249, 691
209, 691
183, 691
171, 691
186, 691
184, 691
195, 691
195, 691
203, 691
189, 691
177, 691
188, 691
223, 691
210, 691
186, 691
156, 691
189, 691
204, 691
184, 691
234, 691
178, 691
150, 691
181, 691
181, 691
214, 691
188, 691
199, 691
197, 691
232, 691
262, 691
177, 691
236, 691
190, 691
218, 691
175, 691
127, 691
180, 691
175, 691
155, 691
137, 691
144, 691
156, 691
177, 691
146, 691
150, 691
161, 691
176, 691
155, 691
156, 691
155, 691
169, 691
129, 691
179, 691
163, 691
180, 691
180, 691
212, 691
161, 691
165, 691
219, 691
176, 691
155, 691
182, 691
161, 691
202, 691
140, 691
156, 691
161, 691
214, 691
170, 691
179, 691
173, 691
147, 691
154, 691
137, 691
162, 691
158, 691
175, 691
148, 691
146, 691
154, 691
135, 691
149, 691
179, 691
156, 691
198, 691
160, 691
122, 691
189, 691
158, 691
163, 691
168, 691
174, 691
128, 691
172, 691
153, 691
128, 691
146, 691
169, 691
207, 691
123, 691
194, 691
153, 691
182, 691
184, 691
130, 691
116, 691
138, 691
96, 691
155, 691
160, 691
184, 691
112, 691
159, 691
137, 691
116, 691
137, 691
131, 691
124, 691
136, 691
162, 691
138, 691
152, 691
135, 691
139, 691
142, 691
181, 691
169, 691
139, 691
156, 691
158, 691
169, 691
176, 691
139, 691
131, 691
128, 691
134, 691
104, 691
128, 691
143, 691
163, 691
144, 691
120, 691
138, 691
135, 691
113, 691
96, 691
182, 691
160, 691
165, 691
170, 691
136, 691
105, 691
133, 691
130, 691
157, 691
137, 691
132, 691
136, 691
142, 691
129, 691
92, 691
126, 691
179, 691
126, 691
139, 691
130, 691
115, 691
119, 691
139, 691
97, 691
97, 691
118, 691
171, 691
153, 691
131, 691
94, 691
157, 691
159, 691
152, 691
137, 691
99, 691
135, 691
186, 691
120, 691
111, 691
125, 691
135, 691
107, 691
131, 691
153, 691
98, 691
128, 691
118, 691
136, 691
110, 691
103, 691
96, 691
175, 691
182, 691
190, 691
129, 691
138, 691
134, 691
146, 691
121, 691
106, 691
115, 691
120, 691
98, 691
90, 691
120, 691
139, 691
110, 691
94, 691
97, 691
111, 691
87, 691
102, 691
105, 691
89, 691
88, 691
143, 691
133, 691
102, 691
110, 691
124, 691
102, 691
124, 691
106, 691
107, 691
118, 691
82, 691
168, 691
78, 691
80, 691
63, 691
140, 691
80, 691
135, 691
91, 691
83, 691
104, 691
104, 691
91, 691
109, 691
104, 691
138, 691
117, 691
99, 691
68, 691
87, 691
103, 691
114, 691
116, 691
94, 691
109, 691
113, 691
155, 691
91, 691
142, 691
117, 691
129, 691
129, 691
114, 691
114, 691
96, 691
82, 691
79, 691
136, 691
120, 691
94, 691
91, 691
140, 691
120, 691
91, 691
132, 691
43, 691
109, 691
101, 691
159, 691
82, 691
124, 691
234, 339
200, 339
170, 339
126, 339
143, 339
180, 339
151, 339
188, 339
137, 339
160, 339
154, 339
161, 339
153, 339
212, 339
153, 339
179, 339
172, 339
192, 339
177, 339
178, 339
132, 339
132, 339
189, 339
188, 339
165, 339
169, 339
111, 339
133, 339
151, 339
121, 339
158, 339
146, 339
153, 339
111, 339
136, 339
176, 339
167, 339
133, 339
190, 339
181, 339
126, 339
147, 339
136, 339
157, 339
158, 339
138, 339
143, 339
118, 339
87, 339
72, 339
110, 339
127, 339
111, 339
104, 339
110, 339
112, 339
121, 339
119, 339
151, 339
93, 339
130, 339
122, 339
96, 339
87, 339
165, 339
109, 339
92, 339
94, 339
129, 339
86, 339
89, 339
124, 339
129, 339
108, 339
120, 339
138, 339
160, 339
108, 339
136, 339
192, 339
155, 339
171, 339
116, 339
139, 339
164, 339
159, 339
157, 339
196, 339
148, 339
141, 339
166, 339
132, 339
155, 339
170, 339
159, 339
114, 339
182, 339
190, 339
181, 339
119, 339
202, 339
166, 339
165, 339
222, 339
179, 339
223, 339
210, 339
152, 339
207, 339
163, 339
149, 339
173, 339
205, 339
189, 339
190, 339
225, 339
219, 339
226, 339
180, 339
218, 339
243, 339
194, 339
185, 339
182, 339
237, 339
222, 339
246, 339
247, 339
252, 339
226, 339
223, 339
233, 339
207, 339
219, 339
211, 339
231, 339
251, 339
268, 339
266, 339
303, 339
253, 339
238, 339
333, 339
299, 339
311, 339
364, 339
352, 339
333, 339
319, 339
331, 339
379, 339
359, 339
316, 339
372, 339
299, 339
328, 339
397, 339
345, 339
396, 339
386, 339
381, 339
376, 339
379, 339
353, 339
382, 339
394, 339
371, 339
417, 339
410, 339
399, 339
369, 339
396, 339
391, 339
324, 339
379, 339
364, 339
354, 339
386, 339
355, 339
345, 339
375, 339
331, 339
342, 339
347, 339
319, 339
326, 339
346, 339
330, 339
311, 339
319, 339
307, 339
319, 339
268, 339
315, 339
304, 339
291, 339
271, 339
346, 339
286, 339
342, 339
322, 339
316, 339
312, 339
315, 339
310, 339
296, 339
349, 339
358, 339
308, 339
324, 339
273, 339
289, 339
278, 339
315, 339
327, 339
330, 339
309, 339
306, 339
340, 339
343, 339
312, 339
310, 339
317, 339
281, 339
316, 339
330, 339
309, 339
300, 339
343, 339
347, 339
324, 339
357, 339
352, 339
343, 339
358, 339
323, 339
319, 339
269, 339
296, 339
323, 339
301, 339
348, 339
321, 339
315, 339
371, 339
338, 339
323, 339
340, 339
270, 339
291, 339
322, 339
316, 339
359, 339
371, 339
364, 339
321, 339
300, 339
353, 339
350, 339
356, 339
361, 339
280, 339
360, 339
384, 339
370, 339
340, 339
352, 339
388, 339
361, 339
397, 339
402, 339
405, 339
365, 339
415, 339
400, 339
428, 339
424, 339
447, 339
413, 339
438, 339
391, 339
374, 339
437, 339
385, 339
428, 339
440, 339
410, 339
392, 339
423, 339
443, 339
425, 339
407, 339
410, 339
431, 339
454, 339
423, 339
411, 339
443, 339
435, 339
390, 339
392, 339
391, 339
421, 339
392, 339
375, 339
370, 339
375, 339
391, 339
394, 339
348, 339
381, 339
344, 339
392, 339
373, 339
390, 339
301, 339
288, 339
302, 339
325, 339
334, 339
314, 339
286, 339
281, 339
329, 339
319, 339
317, 339
313, 339
266, 339
263, 339
283, 339
319, 339
311, 339
260, 339
284, 339
297, 339
304, 339
306, 339
311, 339
319, 339
326, 339
310, 339
295, 339
306, 339
257, 339
281, 339
296, 339
290, 339
304, 339
272, 339
342, 339
318, 339
297, 339
280, 339
339, 339
340, 339
259, 339
326, 339
269, 339
331, 339
295, 339
250, 339
302, 339
276, 339
269, 339
322, 339
296, 339
266, 339
269, 339
263, 339
296, 339
315, 339
329, 339
311, 339
302, 339
294, 339
302, 339
318, 339
300, 339
322, 339
311, 339
322, 339
307, 339
330, 339
281, 339
290, 339
348, 339
322, 339
285, 339
289, 339
280, 339
269, 339
342, 339
313, 339
338, 339
325, 339
354, 339
304, 339
342, 339
348, 339
364, 339
294, 454
338, 454
386, 454
394, 454
384, 454
365, 454
339, 454
373, 454
383, 454
365, 454
315, 454
387, 454
333, 454
362, 454
356, 454
354, 454
383, 454
387, 454
391, 454
371, 454
359, 454
377, 454
361, 454
350, 454
362, 454
350, 454
359, 454
370, 454
367, 454
398, 454
336, 454
350, 454
359, 454
301, 454
317, 454
315, 454
342, 454
319, 454
274, 454
287, 454
280, 454
326, 454
304, 454
306, 454
303, 454
331, 454
279, 454
309, 454
315, 454
266, 454
248, 454
269, 454
260, 454
242, 454
307, 454
271, 454
236, 454
255, 454
288, 454
292, 454
284, 454
287, 454
228, 454
234, 454
229, 454
220, 454
263, 454
232, 454
292, 454
298, 454
288, 454
258, 454
236, 454
216, 454
286, 454
258, 454
236, 454
301, 454
274, 454
273, 454
293, 454
284, 454
339, 454
284, 454
300, 454
279, 454
318, 454
318, 454
284, 454
248, 454
237, 454
306, 454
288, 454
299, 454
269, 454
297, 454
254, 454
277, 454
252, 454
293, 454
272, 454
292, 454
308, 454
289, 454
295, 454
273, 454
305, 454
313, 454
275, 454
316, 454
297, 454
246, 454
318, 454
317, 454
341, 454
289, 454
305, 454
320, 454
312, 454
326, 454
333, 454
332, 454
287, 454
318, 454
288, 454
339, 454
401, 454
353, 454
346, 454
344, 454
319, 454
342, 454
346, 454
332, 454
316, 454
333, 454
379, 454
398, 454
398, 454
408, 454
340, 454
370, 454
389, 454
382, 454
361, 454
392, 454
326, 454
357, 454
338, 454
380, 454
346, 454
370, 454
373, 454
355, 454
325, 454
395, 454
352, 454
362, 454
362, 454
367, 454
337, 454
338, 454
374, 454
343, 454
301, 454
346, 454
340, 454
290, 454
318, 454
335, 454
343, 454
309, 454
332, 454
321, 454
262, 454
283, 454
333, 454
313, 454
313, 454
280, 454
290, 454
343, 454
342, 454
296, 454
324, 454
284, 454
270, 454
270, 454
214, 454
307, 454
306, 454
288, 454
285, 454
309, 454
264, 454
244, 454
248, 454
253, 454
257, 454
273, 454
233, 454
231, 454
255, 454
271, 454
280, 454
217, 454
238, 454
296, 454
283, 454
269, 454
195, 454
264, 454
273, 454
283, 454
258, 454
255, 454
206, 454
267, 454
259, 454
257, 454
284, 454
241, 454
230, 454
252, 454
195, 454
292, 454
280, 454
256, 454
260, 454
247, 454
304, 454
302, 454
255, 454
247, 454
286, 454
233, 454
248, 454
278, 454
215, 454
228, 454
240, 454
267, 454
259, 454
241, 454
263, 454
205, 454
229, 454
276, 454
237, 454
213, 454
248, 454
229, 454
249, 454
227, 454
254, 454
229, 454
246, 454
274, 454
237, 454
228, 454
217, 454
227, 454
233, 454
244, 454
215, 454
213, 454
204, 454
238, 454
252, 454
193, 454
234, 454
218, 454
225, 454
275, 454
198, 454
203, 454
222, 454
170, 454
158, 454
269, 454
215, 454
210, 454
174, 454
180, 454
199, 454
164, 454
216, 454
210, 454
223, 454
198, 454
230, 454
207, 454
209, 454
216, 454
222, 454
240, 454
240, 454
201, 454
199, 454
195, 454
193, 454
148, 454
219, 454
227, 454
187, 454
179, 454
198, 454
196, 454
251, 454
158, 454
192, 454
194, 454
200, 454
229, 454
167, 454
167, 454
203, 454
182, 454
175, 454
199, 454
212, 454
228, 454
255, 454
204, 454
185, 454
182, 454
202, 454
165, 454
190, 454
191, 454
186, 454
174, 454
197, 454
197, 454
193, 454
159, 454
172, 454
157, 454
146, 454
210, 454
163, 454
193, 454
190, 454
230, 454
192, 454
170, 454
169, 454
205, 454
221, 454
169, 454
142, 454
190, 454
221, 454
170, 454
156, 454
196, 454
157, 454
161, 454
198, 454
204, 454
135, 454
176, 454
170, 454
230, 454
154, 454
166, 454
139, 454
223, 454
215, 454
135, 454
191, 454
205, 454
159, 454
205, 454
178, 454
145, 454
170, 454
165, 454
154, 454
150, 454
129, 454
129, 454
138, 454
140, 454
127, 454
153, 454
155, 454
156, 454
161, 454
177, 454
129, 454
160, 454
169, 454
165, 454
191, 454
144, 454
167, 454
149, 454
153, 454
136, 454
260, 408
247, 408
228, 408
236, 408
242, 408
255, 408
297, 408
246, 408
216, 408
254, 408
282, 408
272, 408
232, 408
264, 408
290, 408
235, 408
252, 408
237, 408
246, 408
268, 408
276, 408
233, 408
247, 408
231, 408
282, 408
301, 408
326, 408
331, 408
346, 408
282, 408
295, 408
273, 408
313, 408
280, 408
313, 408
326, 408
278, 408
279, 408
283, 408
273, 408
317, 408
336, 408
339, 408
327, 408
295, 408
288, 408
318, 408
304, 408
318, 408
324, 408
314, 408
318, 408
353, 408
334, 408
343, 408
352, 408
347, 408
332, 408
275, 408
340, 408
293, 408
320, 408
308, 408
311, 408
359, 408
340, 408
344, 408
360, 408
373, 408
369, 408
386, 408
366, 408
355, 408
307, 408
358, 408
321, 408
341, 408
318, 408
285, 408
302, 408
325, 408
367, 408
315, 408
346, 408
254, 408
332, 408
321, 408
311, 408
252, 408
355, 408
258, 408
214, 408
238, 408
238, 408
273, 408
307, 408
332, 408
265, 408
253, 408
279, 408
241, 408
297, 408
257, 408
276, 408
249, 408
305, 408
286, 408
282, 408
248, 408
251, 408
215, 408
226, 408
206, 408
259, 408
273, 408
242, 408
262, 408
300, 408
258, 408
257, 408
261, 408
287, 408
295, 408
313, 408
318, 408
272, 408
283, 408
300, 408
286, 408
292, 408
279, 408
320, 408
329, 408
310, 408
286, 408
327, 408
274, 408
296, 408
330, 408
316, 408
303, 408
322, 408
322, 408
330, 408
305, 408
351, 408
342, 408
328, 408
307, 408
302, 408
323, 408
331, 408
337, 408
337, 408
335, 408
372, 408
351, 408
379, 408
318, 408
353, 408
355, 408
342, 408
318, 408
316, 408
354, 408
337, 408
384, 408
381, 408
344, 408
367, 408
400, 408
385, 408
382, 408
433, 408
407, 408
381, 408
457, 408
429, 408
457, 408
472, 408
459, 408
448, 408
459, 408
415, 408
443, 408
391, 408
443, 408
432, 408
436, 408
427, 408
492, 408
405, 408
462, 408
419, 408
420, 408
487, 408
438, 408
439, 408
463, 408
486, 408
465, 408
454, 408
416, 408
437, 408
434, 408
442, 408
423, 408
394, 408
428, 408
423, 408
427, 408
448, 408
417, 408
420, 408
390, 408
410, 408
387, 408
389, 408
342, 408
347, 408
395, 408
364, 408
388, 408
384, 408
398, 408
340, 408
323, 408
320, 408
331, 408
331, 408
315, 408
338, 408
299, 408
286, 408
292, 408
333, 408
314, 408
303, 408
312, 408
341, 408
322, 408
332, 408
340, 408
312, 408
298, 408
291, 408
287, 408
296, 408
309, 408
279, 408
286, 408
350, 408
340, 408
338, 408
250, 408
289, 408
285, 408
314, 408
323, 408
303, 408
299, 408
322, 408
345, 408
306, 408
302, 408
316, 408
314, 408
356, 408
291, 408
297, 408
287, 408
301, 408
332, 408
302, 408
327, 408
309, 408
350, 408
295, 408
299, 408
281, 408
286, 408
286, 408
296, 408
339, 408
246, 408
249, 408
334, 408
327, 408
305, 408
289, 408
332, 408
339, 408
281, 408
329, 408
288, 408
304, 408
318, 408
309, 408
322, 408
308, 408
330, 408
310, 408
302, 408
362, 408
312, 408
368, 408
367, 408
388, 408
365, 408
370, 408
367, 408
370, 408
372, 408
330, 408
376, 408
327, 408
377, 408
376, 408
371, 408
372, 408
366, 408
376, 408
379, 408
393, 408
394, 408
334, 408
371, 408
375, 408
380, 408
334, 408
339, 408
352, 408
343, 408
405, 408
384, 408
332, 408
346, 408
340, 408
336, 408
349, 408
317, 408
283, 408
280, 408
303, 408
339, 408
319, 408
297, 408
297, 408
265, 408
309, 408
322, 408
335, 408
286, 408
300, 408
268, 408
257, 408
288, 408
307, 408
283, 408
276, 408
286, 408
287, 408
281, 408
237, 408
298, 408
299, 408
267, 408
235, 408
279, 408
253, 408
282, 408
235, 408
282, 408
272, 408
215, 408
278, 408
290, 408
253, 408
251, 408
256, 408
227, 408
278, 408
222, 408
227, 408
252, 408
252, 408
236, 408
221, 408
289, 408
237, 408
207, 408
255, 408
269, 408
266, 408
257, 408
258, 408
292, 408
262, 408
237, 408
284, 408
229, 492
254, 492
217, 492
290, 492
254, 492
292, 492
301, 492
282, 492
305, 492
271, 492
280, 492
294, 492
272, 492
266, 492
234, 492
246, 492
307, 492
303, 492
337, 492
283, 492
270, 492
272, 492
286, 492
295, 492
285, 492
292, 492
292, 492
262, 492
279, 492
321, 492
326, 492
291, 492
325, 492
300, 492
298, 492
309, 492
366, 492
344, 492
339, 492
306, 492
341, 492
315, 492
325, 492
322, 492
351, 492
345, 492
350, 492
357, 492
346, 492
336, 492
316, 492
329, 492
322, 492
327, 492
378, 492
318, 492
366, 492
363, 492
358, 492
322, 492
304, 492
341, 492
309, 492
290, 492
346, 492
366, 492
315, 492
295, 492
285, 492
328, 492
326, 492
343, 492
326, 492
304, 492
359, 492
315, 492
292, 492
287, 492
303, 492
306, 492
351, 492
265, 492
273, 492
288, 492
275, 492
260, 492
307, 492
300, 492
326, 492
281, 492
321, 492
266, 492
276, 492
304, 492
279, 492
316, 492
296, 492
278, 492
312, 492
347, 492
281, 492
276, 492
316, 492
277, 492
282, 492
292, 492
257, 492
283, 492
279, 492
276, 492
260, 492
321, 492
288, 492
314, 492
298, 492
267, 492
282, 492
331, 492
300, 492
302, 492
286, 492
279, 492
337, 492
333, 492
277, 492
267, 492
269, 492
329, 492
319, 492
296, 492
334, 492
340, 492
326, 492
292, 492
340, 492
300, 492
260, 492
318, 492
294, 492
317, 492
284, 492
321, 492
308, 492
303, 492
258, 492
260, 492
314, 492
285, 492
276, 492
300, 492
353, 492
319, 492
315, 492
294, 492
342, 492
339, 492
304, 492
324, 492
360, 492
293, 492
353, 492
380, 492
329, 492
349, 492
372, 492
363, 492
340, 492
377, 492
360, 492
311, 492
341, 492
323, 492
315, 492
334, 492
315, 492
336, 492
369, 492
333, 492
333, 492
345, 492
369, 492
309, 492
350, 492
356, 492
338, 492
373, 492
329, 492
298, 492
310, 492
318, 492
262, 492
297, 492
303, 492
330, 492
314, 492
306, 492
339, 492
340, 492
349, 492
305, 492
329, 492
301, 492
266, 492
290, 492
334, 492
296, 492
326, 492
304, 492
303, 492
314, 492
286, 492
254, 492
303, 492
270, 492
326, 492
285, 492
256, 492
285, 492
279, 492
273, 492
277, 492
270, 492
261, 492
284, 492
295, 492
275, 492
266, 492
269, 492
258, 492
254, 492
282, 492
290, 492
275, 492
289, 492
296, 492
278, 492
303, 492
315, 492
249, 492
233, 492
303, 492
282, 492
241, 492
254, 492
240, 492
207, 492
242, 492
270, 492
261, 492
289, 492
267, 492
246, 492
253, 492
281, 492
302, 492
204, 492
216, 492
282, 492
267, 492
264, 492
274, 492
268, 492
249, 492
276, 492
303, 492
267, 492
240, 492
224, 492
276, 492
232, 492
284, 492
253, 492
271, 492
230, 492
259, 492
206, 492
234, 492
242, 492
253, 492
223, 492
239, 492
217, 492
206, 492
209, 492
191, 492
221, 492
244, 492
227, 492
213, 492
243, 492
222, 492
209, 492
275, 492
230, 492
232, 492
248, 492
235, 492
263, 492
227, 492
220, 492
233, 492
195, 492
187, 492
182, 492
207, 492
231, 492
197, 492
237, 492
245, 492
262, 492
201, 492
208, 492
190, 492
192, 492
212, 492
221, 492
216, 492
187, 492
237, 492
183, 492
231, 492
202, 492
178, 492
204, 492
198, 492
198, 492
169, 492
177, 492
248, 492
213, 492
189, 492
198, 492
214, 492
197, 492
195, 492
208, 492
172, 492
214, 492
223, 492
212, 492
230, 492
233, 492
206, 492
183, 492
201, 492
198, 492
222, 492
169, 492
181, 492
207, 492
194, 492
182, 492
194, 492
217, 492
215, 492
230, 492
244, 492
194, 492
178, 492
182, 492
146, 492
177, 492
167, 492
176, 492
171, 492
171, 492
137, 492
145, 492
171, 492
141, 492
187, 492
182, 492
150, 492
162, 492
197, 492
166, 492
156, 492
176, 492
188, 492
211, 492
173, 492
146, 492
149, 492
147, 492
186, 492
228, 492
203, 492
159, 492
191, 492
174, 492
142, 492
153, 492
175, 492
215, 492
196, 492
236, 492
199, 492
133, 492
123, 492
177, 492
219, 380
256, 380
193, 380
97, 380
0, 380
16, 380
126, 380
116, 380
0, 380
0, 380
0, 380
0, 380
0, 380
0, 380
0, 380
0, 380
0, 380
0, 380
0, 380
0, 380
0, 380
0, 380
0, 380
0, 380
0, 380
0, 380
0, 380
0, 380
0, 380
0, 380
0, 380
0, 380
0, 380
0, 380
0, 380
0, 380
0, 380
0, 380
0, 380
0, 380
0, 380
0, 380
0, 380
0, 380
0, 380
0, 380
0, 380
0, 380
0, 380
0, 380
0, 380
0, 380
0, 380
0, 380
0, 380
0, 380
0, 380
0, 380
0, 380
0, 380
0, 380
0, 380
0, 380
0, 380
0, 380
0, 380
0, 380
0, 380
0, 380
0, 380
0, 380
0, 380
0, 380
0, 380
0, 380
0, 380
0, 380
0, 380
0, 380
0, 380
0, 380
0, 380
0, 380
0, 380
0, 380
0, 380
0, 380
0, 380
0, 380
0, 380
0, 380
0, 380
0, 380
0, 380
0, 380
0, 380
0, 380
0, 380
0, 380
0, 380
0, 380
0, 380
0, 380
0, 380
0, 380
0, 380
0, 380
0, 380
0, 380
0, 380
0, 380
0, 380
0, 380
0, 380
0, 380
0, 380
0, 380
0, 380
0, 380
0, 380
0, 380
0, 380
0, 380
0, 380
0, 380
0, 380
0, 380
0, 380
0, 380
0, 380
0, 380
0, 380
0, 380
0, 380
0, 380
12, 380
18, 380
21, 380
29, 380
30, 380
35, 380
30, 380
30, 380
22, 380
41, 380
31, 380
12, 380
9, 380
46, 380
0, 380
0, 380
0, 380
0, 380
0, 380
0, 380
0, 380
0, 380
0, 380
0, 380
0, 380
0, 380
0, 380
0, 380
0, 380
0, 380
0, 380
0, 380
0, 380
0, 380
0, 380
0, 380
0, 380
0, 380
0, 380
0, 380
0, 380
0, 380
0, 380
0, 380
0, 380
0, 380
0, 380
0, 380
0, 380
0, 380
0, 380
0, 380
0, 380
0, 380
0, 380
0, 380
0, 380
0, 380
0, 380
0, 380
0, 380
0, 380
0, 380
0, 380
0, 380
0, 380
0, 380
0, 380
0, 380
0, 380
0, 380
0, 380
0, 380
0, 380
0, 380
0, 380
0, 380
0, 380
0, 380
0, 380
0, 380
0, 380
0, 380
0, 380
0, 380
0, 380
0, 380
0, 380
0, 380
0, 380
0, 380
0, 380
0, 380
0, 380
0, 380
0, 380
0, 380
0, 380
0, 380
0, 380
0, 380
0, 380
0, 380
0, 380
0, 380
0, 380
0, 380
0, 380
0, 380
0, 380
0, 380
0, 380
0, 380
0, 380
0, 380
0, 380
0, 380
0, 380
0, 380
0, 380
0, 380
0, 380
0, 380
0, 380
0, 380
0, 380
0, 380
0, 380
0, 380
0, 380
0, 380
0, 380
0, 380
0, 380
0, 380
0, 380
0, 380
0, 380
0, 380
0, 380
0, 380
0, 380
0, 380
0, 380
0, 380
0, 380
0, 380
0, 380
0, 380
0, 380
0, 380
0, 380
0, 380
0, 380
0, 380
0, 380
0, 380
0, 380
0, 380
0, 380
0, 380
0, 380
0, 380
0, 380
0, 380
0, 380
0, 380
0, 380
0, 380
0, 380
0, 380
0, 380
0, 380
0, 380
0, 380
0, 380
0, 380
0, 380
0, 380
0, 380
0, 380
0, 380
1, 380
7, 380
11, 380
7, 380
16, 380
1, 380
12, 380
13, 380
13, 380
3, 380
17, 380
8, 380
3, 380
2, 380
2, 380
17, 380
3, 380
9, 380
46, 380
62, 380
54, 380
41, 380
32, 380
2, 380
11, 380
1, 380
1, 380
2, 380
6, 380
4, 380
1, 380
0, 380
0, 380
0, 380
0, 380
0, 380
0, 380
0, 380
0, 380
0, 380
0, 380
0, 380
0, 380
0, 380
0, 380
0, 380
0, 380
0, 380
0, 380
0, 380
0, 380
0, 380
0, 380
0, 380
0, 380
0, 380
0, 380
0, 380
0, 380
0, 380
0, 380
0, 380
0, 380
0, 380
0, 380
0, 380
0, 380
0, 380
0, 380
0, 380
0, 380
0, 380
0, 380
0, 380
0, 380
0, 380
0, 380
0, 380
0, 380
1, 380
13, 380
17, 380
1, 380
213, 258
276, 258
272, 258
233, 258
235, 258
304, 258
279, 258
294, 258
287, 258
274, 258
279, 258
247, 258
283, 258
314, 258
276, 258
290, 258
267, 258
277, 258
286, 258
338, 258
359, 258
295, 258
326, 258
359, 258
307, 258
325, 258
295, 258
304, 258
330, 258
304, 258
366, 258
313, 258
310, 258
342, 258
354, 258
320, 258
379, 258
331, 258
324, 258
308, 258
372, 258
378, 258
341, 258
349, 258
373, 258
327, 258
346, 258
383, 258
391, 258
353, 258
314, 258
329, 258
364, 258
370, 258
344, 258
336, 258
354, 258
372, 258
412, 258
402, 258
410, 258
351, 258
374, 258
384, 258
436, 258
441, 258
377, 258
421, 258
357, 258
445, 258
436, 258
464, 258
393, 258
372, 258
410, 258
433, 258
437, 258
430, 258
423, 258
385, 258
398, 258
381, 258
398, 258
447, 258
386, 258
439, 258
356, 258
418, 258
413, 258
374, 258
324, 258
369, 258
354, 258
338, 258
348, 258
374, 258
373, 258
340, 258
348, 258
328, 258
311, 258
314, 258
305, 258
363, 258
334, 258
352, 258
358, 258
373, 258
350, 258
367, 258
343, 258
366, 258
359, 258
373, 258
391, 258
365, 258
420, 258
406, 258
381, 258
386, 258
384, 258
381, 258
396, 258
461, 258
370, 258
431, 258
386, 258
399, 258
378, 258
385, 258
389, 258
407, 258
446, 258
423, 258
395, 258
422, 258
420, 258
411, 258
450, 258
413, 258
422, 258
435, 258
432, 258
395, 258
440, 258
380, 258
422, 258
420, 258
446, 258
425, 258
423, 258
457, 258
463, 258
438, 258
399, 258
482, 258
428, 258
457, 258
449, 258
429, 258
501, 258
472, 258
415, 258
432, 258
465, 258
454, 258
441, 258
488, 258
478, 258
512, 258
505, 258
510, 258
479, 258
475, 258
496, 258
507, 258
512, 258
457, 258
457, 258
495, 258
500, 258
513, 258
504, 258
472, 258
502, 258
472, 258
499, 258
532, 258
508, 258
509, 258
495, 258
486, 258
468, 258
481, 258
501, 258
515, 258
511, 258
519, 258
550, 258
486, 258
500, 258
471, 258
464, 258
508, 258
465, 258
462, 258
466, 258
417, 258
429, 258
410, 258
404, 258
459, 258
435, 258
409, 258
397, 258
420, 258
435, 258
367, 258
372, 258
383, 258
394, 258
352, 258
343, 258
387, 258
395, 258
379, 258
324, 258
353, 258
370, 258
367, 258
370, 258
325, 258
344, 258
338, 258
363, 258
386, 258
304, 258
368, 258
346, 258
373, 258
339, 258
370, 258
325, 258
366, 258
313, 258
378, 258
358, 258
360, 258
349, 258
319, 258
371, 258
409, 258
329, 258
390, 258
357, 258
335, 258
337, 258
298, 258
382, 258
371, 258
346, 258
314, 258
352, 258
362, 258
377, 258
404, 258
384, 258
335, 258
359, 258
317, 258
323, 258
368, 258
391, 258
353, 258
355, 258
366, 258
337, 258
360, 258
328, 258
359, 258
365, 258
329, 258
364, 258
380, 258
358, 258
373, 258
340, 258
306, 258
296, 258
413, 258
303, 258
344, 258
333, 258
369, 258
350, 258
352, 258
391, 258
379, 258
386, 258
354, 258
365, 258
370, 258
375, 258
407, 258
395, 258
388, 258
358, 258
400, 258
395, 258
414, 258
409, 258
384, 258
392, 258
424, 258
388, 258
384, 258
420, 258
346, 258
390, 258
443, 258
434, 258
400, 258
380, 258
345, 258
408, 258
455, 258
373, 258
407, 258
387, 258
393, 258
430, 258
400, 258
408, 258
350, 258
341, 258
335, 258
335, 258
331, 258
330, 258
385, 258
348, 258
393, 258
363, 258
357, 258
342, 258
312, 258
345, 258
318, 258
363, 258
349, 258
329, 258
365, 258
349, 258
294, 258
340, 258
334, 258
339, 258
289, 258
335, 258
318, 258
313, 258
298, 258
351, 258
282, 258
332, 258
315, 258
291, 258
310, 258
307, 258
340, 258
316, 258
322, 258
321, 258
330, 258
339, 258
290, 258
280, 258
324, 258
321, 258
298, 258
270, 258
307, 258
289, 258
326, 258
302, 258
336, 258
308, 258
328, 258
299, 258
308, 258
316, 258
269, 258
282, 258
334, 258
296, 258
323, 258
284, 258
283, 258
253, 258
278, 258
227, 550
339, 550
288, 550
327, 550
316, 550
326, 550
343, 550
277, 550
291, 550
322, 550
289, 550
344, 550
253, 550
318, 550
278, 550
350, 550
349, 550
329, 550
346, 550
369, 550
323, 550
310, 550
299, 550
309, 550
321, 550
350, 550
314, 550
299, 550
337, 550
334, 550
336, 550
320, 550
307, 550
330, 550
345, 550
317, 550
343, 550
294, 550
310, 550
333, 550
326, 550
313, 550
319, 550
290, 550
339, 550
311, 550
346, 550
331, 550
317, 550
275, 550
308, 550
318, 550
289, 550
280, 550
313, 550
297, 550
269, 550
309, 550
314, 550
298, 550
298, 550
324, 550
324, 550
281, 550
274, 550
291, 550
291, 550
306, 550
284, 550
335, 550
245, 550
240, 550
292, 550
249, 550
292, 550
269, 550
267, 550
291, 550
311, 550
272, 550
301, 550
288, 550
319, 550
245, 550
268, 550
244, 550
218, 550
288, 550
255, 550
277, 550
275, 550
258, 550
264, 550
236, 550
212, 550
309, 550
238, 550
279, 550
293, 550
244, 550
268, 550
241, 550
274, 550
242, 550
274, 550
235, 550
220, 550
286, 550
221, 550
255, 550
287, 550
267, 550
224, 550
271, 550
282, 550
259, 550
276, 550
240, 550
225, 550
221, 550
276, 550
232, 550
260, 550
241, 550
248, 550
291, 550
275, 550
249, 550
261, 550
244, 550
224, 550
238, 550
248, 550
229, 550
236, 550
223, 550
215, 550
206, 550
251, 550
256, 550
214, 550
206, 550
212, 550
189, 550
235, 550
243, 550
215, 550
265, 550
279, 550
259, 550
230, 550
211, 550
230, 550
216, 550
250, 550
246, 550
257, 550
185, 550
187, 550
216, 550
228, 550
218, 550
232, 550
214, 550
205, 550
211, 550
206, 550
222, 550
240, 550
199, 550
221, 550
215, 550
248, 550
175, 550
153, 550
185, 550
225, 550
176, 550
207, 550
196, 550
263, 550
205, 550
224, 550
244, 550
206, 550
241, 550
217, 550
209, 550
171, 550
183, 550
212, 550
239, 550
196, 550
197, 550
209, 550
197, 550
213, 550
217, 550
195, 550
218, 550
209, 550
195, 550
227, 550
264, 550
209, 550
189, 550
223, 550
204, 550
160, 550
199, 550
179, 550
170, 550
209, 550
217, 550
210, 550
161, 550
166, 550
186, 550
180, 550
193, 550
227, 550
185, 550
176, 550
187, 550
186, 550
209, 550
186, 550
150, 550
155, 550
199, 550
178, 550
217, 550
167, 550
149, 550
141, 550
147, 550
196, 550
179, 550
162, 550
187, 550
156, 550
155, 550
177, 550
165, 550
156, 550
107, 550
218, 550
204, 550
207, 550
171, 550
176, 550
142, 550
131, 550
154, 550
164, 550
208, 550
183, 550
159, 550
176, 550
191, 550
134, 550
144, 550
159, 550
176, 550
180, 550
128, 550
200, 550
165, 550
145, 550
158, 550
204, 550
169, 550
195, 550
209, 550
157, 550
176, 550
166, 550
144, 550
164, 550
168, 550
169, 550
163, 550
143, 550
138, 550
201, 550
213, 550
136, 550
144, 550
185, 550
155, 550
77, 550
180, 550
139, 550
168, 550
164, 550
165, 550
145, 550
157, 550
152, 550
230, 550
180, 550
142, 550
172, 550
138, 550
159, 550
194, 550
152, 550
137, 550
122, 550
186, 550
178, 550
168, 550
162, 550
146, 550
147, 550
177, 550
150, 550
148, 550
165, 550
124, 550
161, 550
139, 550
129, 550
138, 550
136, 550
148, 550
121, 550
152, 550
147, 550
146, 550
155, 550
131, 550
147, 550
135, 550
134, 550
131, 550
139, 550
126, 550
135, 550
143, 550
136, 550
130, 550
113, 550
92, 550
125, 550
93, 550
127, 550
136, 550
149, 550
125, 550
138, 550
156, 550
116, 550
133, 550
105, 550
110, 550
94, 550
151, 550
151, 550
149, 550
160, 550
136, 550
164, 550
163, 550
161, 550
144, 550
133, 550
131, 550
148, 550
97, 550
120, 550
156, 550
183, 550
135, 550
131, 550
123, 550
85, 550
86, 550
118, 550
142, 550
126, 550
90, 550
103, 550
129, 550
140, 550
138, 550
110, 550
135, 550
101, 550
166, 550
142, 550
136, 550
107, 550
116, 550
98, 550
95, 550
151, 550
98, 550
93, 550
115, 550
255, 369
214, 369
211, 369
207, 369
227, 369
269, 369
229, 369
218, 369
229, 369
247, 369
241, 369
280, 369
271, 369
232, 369
237, 369
244, 369
233, 369
281, 369
297, 369
260, 369
288, 369
241, 369
283, 369
224, 369
315, 369
272, 369
295, 369
252, 369
318, 369
235, 369
282, 369
240, 369
227, 369
241, 369
252, 369
292, 369
297, 369
320, 369
286, 369
262, 369
264, 369
289, 369
284, 369
299, 369
309, 369
289, 369
290, 369
285, 369
276, 369
321, 369
333, 369
256, 369
326, 369
317, 369
330, 369
313, 369
284, 369
293, 369
315, 369
297, 369
301, 369
295, 369
272, 369
300, 369
326, 369
326, 369
297, 369
323, 369
330, 369
326, 369
328, 369
312, 369
345, 369
353, 369
316, 369
331, 369
336, 369
324, 369
329, 369
354, 369
312, 369
318, 369
305, 369
290, 369
301, 369
300, 369
344, 369
305, 369
356, 369
321, 369
272, 369
276, 369
297, 369
303, 369
322, 369
360, 369
301, 369
317, 369
265, 369
261, 369
281, 369
308, 369
260, 369
275, 369
279, 369
297, 369
229, 369
252, 369
246, 369
202, 369
149, 369
195, 369
176, 369
230, 369
179, 369
195, 369
273, 369
165, 369
186, 369
194, 369
216, 369
196, 369
200, 369
207, 369
205, 369
186, 369
214, 369
208, 369
174, 369
218, 369
184, 369
237, 369
200, 369
185, 369
184, 369
174, 369
220, 369
237, 369
213, 369
189, 369
237, 369
206, 369
195, 369
155, 369
202, 369
211, 369
205, 369
226, 369
249, 369
206, 369
259, 369
189, 369
187, 369
240, 369
232, 369
235, 369
260, 369
213, 369
180, 369
191, 369
220, 369
225, 369
210, 369
237, 369
198, 369
187, 369
206, 369
251, 369
221, 369
182, 369
197, 369
221, 369
271, 369
212, 369
269, 369
250, 369
231, 369
289, 369
254, 369
219, 369
248, 369
201, 369
266, 369
279, 369
284, 369
257, 369
310, 369
290, 369
268, 369
300, 369
315, 369
281, 369
349, 369
334, 369
301, 369
319, 369
312, 369
265, 369
320, 369
336, 369
351, 369
353, 369
346, 369
345, 369
347, 369
316, 369
349, 369
357, 369
323, 369
328, 369
333, 369
320, 369
339, 369
317, 369
357, 369
353, 369
329, 369
303, 369
300, 369
328, 369
324, 369
311, 369
307, 369
292, 369
303, 369
304, 369
308, 369
307, 369
308, 369
279, 369
273, 369
281, 369
322, 369
279, 369
238, 369
280, 369
231, 369
242, 369
221, 369
208, 369
196, 369
230, 369
197, 369
180, 369
202, 369
211, 369
255, 369
231, 369
207, 369
257, 369
177, 369
220, 369
237, 369
242, 369
177, 369
241, 369
202, 369
196, 369
257, 369
222, 369
222, 369
234, 369
222, 369
253, 369
254, 369
250, 369
181, 369
242, 369
228, 369
217, 369
274, 369
226, 369
246, 369
206, 369
207, 369
201, 369
222, 369
202, 369
219, 369
246, 369
243, 369
224, 369
227, 369
240, 369
236, 369
254, 369
207, 369
244, 369
224, 369
218, 369
284, 369
237, 369
286, 369
263, 369
267, 369
209, 369
260, 369
223, 369
216, 369
222, 369
220, 369
263, 369
188, 369
244, 369
263, 369
253, 369
268, 369
262, 369
264, 369
227, 369
276, 369
231, 369
292, 369
308, 369
319, 369
317, 369
337, 369
358, 369
315, 369
264, 369
326, 369
311, 369
352, 369
352, 369
275, 369
286, 369
357, 369
339, 369
322, 369
377, 369
310, 369
347, 369
386, 369
341, 369
341, 369
314, 369
341, 369
325, 369
346, 369
295, 369
318, 369
323, 369
326, 369
303, 369
350, 369
364, 369
297, 369
307, 369
287, 369
312, 369
306, 369
296, 369
308, 369
276, 369
298, 369
230, 369
253, 369
287, 369
293, 369
243, 369
259, 369
255, 369
250, 369
202, 369
187, 369
246, 369
234, 369
254, 369
176, 369
221, 369
194, 369
213, 369
248, 369
232, 369
188, 369
168, 369
162, 369
185, 369
266, 369
236, 369
227, 369
194, 369
202, 369
193, 369
257, 369
194, 369
240, 369
243, 369
186, 369
218, 369
241, 369
232, 369
270, 369
221, 369
222, 369
226, 369
215, 369
226, 369
212, 369
236, 369
192, 386
200, 386
179, 386
175, 386
174, 386
195, 386
205, 386
211, 386
190, 386
204, 386
266, 386
181, 386
235, 386
203, 386
210, 386
182, 386
222, 386
217, 386
175, 386
164, 386
200, 386
278, 386
188, 386
197, 386
230, 386
278, 386
193, 386
233, 386
258, 386
236, 386
219, 386
256, 386
238, 386
253, 386
178, 386
224, 386
264, 386
302, 386
239, 386
272, 386
301, 386
207, 386
252, 386
288, 386
302, 386
223, 386
304, 386
311, 386
294, 386
301, 386
329, 386
311, 386
322, 386
282, 386
320, 386
334, 386
328, 386
298, 386
315, 386
305, 386
258, 386
326, 386
328, 386
327, 386
311, 386
263, 386
312, 386
308, 386
286, 386
274, 386
312, 386
282, 386
300, 386
280, 386
262, 386
254, 386
274, 386
316, 386
295, 386
249, 386
254, 386
257, 386
246, 386
242, 386
240, 386
253, 386
263, 386
229, 386
221, 386
232, 386
201, 386
192, 386
187, 386
207, 386
172, 386
194, 386
228, 386
191, 386
186, 386
170, 386
182, 386
186, 386
234, 386
204, 386
136, 386
205, 386
178, 386
178, 386
191, 386
184, 386
215, 386
231, 386
212, 386
207, 386
200, 386
174, 386
171, 386
177, 386
173, 386
176, 386
170, 386
236, 386
166, 386
166, 386
185, 386
176, 386
190, 386
173, 386
174, 386
194, 386
172, 386
196, 386
204, 386
187, 386
222, 386
181, 386
230, 386
167, 386
234, 386
195, 386
180, 386
219, 386
262, 386
181, 386
189, 386
225, 386
194, 386
199, 386
216, 386
222, 386
143, 386
214, 386
217, 386
196, 386
246, 386
207, 386
214, 386
195, 386
172, 386
180, 386
196, 386
214, 386
168, 386
212, 386
242, 386
252, 386
207, 386
240, 386
260, 386
277, 386
235, 386
310, 386
274, 386
294, 386
256, 386
298, 386
338, 386
295, 386
286, 386
271, 386
242, 386
272, 386
291, 386
263, 386
360, 386
303, 386
282, 386
295, 386
300, 386
316, 386
310, 386
325, 386
279, 386
294, 386
312, 386
304, 386
313, 386
296, 386
258, 386
300, 386
345, 386
313, 386
264, 386
247, 386
293, 386
213, 386
257, 386
284, 386
296, 386
244, 386
300, 386
265, 386
223, 386
239, 386
218, 386
184, 386
191, 386
214, 386
221, 386
195, 386
241, 386
203, 386
219, 386
153, 386
177, 386
193, 386
169, 386
142, 386
195, 386
222, 386
199, 386
182, 386
210, 386
178, 386
192, 386
212, 386
206, 386
170, 386
201, 386
269, 386
230, 386
199, 386
233, 386
228, 386
192, 386
194, 386
177, 386
204, 386
223, 386
273, 386
199, 386
186, 386
198, 386
200, 386
213, 386
188, 386
188, 386
234, 386
225, 386
221, 386
187, 386
195, 386
188, 386
211, 386
202, 386
183, 386
200, 386
184, 386
172, 386
182, 386
179, 386
197, 386
225, 386
198, 386
179, 386
196, 386
202, 386
238, 386
238, 386
190, 386
220, 386
213, 386
226, 386
178, 386
190, 386
228, 386
194, 386
188, 386
173, 386
178, 386
174, 386
212, 386
172, 386
213, 386
235, 386
202, 386
233, 386
208, 386
203, 386
212, 386
202, 386
253, 386
241, 386
277, 386
229, 386
246, 386
273, 386
261, 386
260, 386
267, 386
268, 386
253, 386
233, 386
252, 386
284, 386
274, 386
271, 386
227, 386
265, 386
272, 386
270, 386
278, 386
246, 386
284, 386
241, 386
263, 386
273, 386
252, 386
225, 386
235, 386
263, 386
253, 386
192, 386
214, 386
219, 386
224, 386
224, 386
207, 386
202, 386
187, 386
180, 386
250, 386
177, 386
214, 386
165, 386
191, 386
233, 386
199, 386
197, 386
143, 386
141, 386
207, 386
201, 386
184, 386
176, 386
208, 386
201, 386
199, 386
174, 386
136, 386
168, 386
146, 386
159, 386
140, 386
138, 386
124, 386
212, 386
148, 386
163, 386
132, 386
155, 386
189, 386
143, 386
156, 386
124, 386
190, 386
158, 386
194, 386
115, 386
160, 386
193, 386
204, 386
197, 386
177, 386
163, 386
162, 386
207, 386
175, 386
173, 386
201, 386
143, 386
187, 386
197, 386
188, 386
208, 386
186, 386
182, 386
171, 386
174, 386
161, 386
196, 360
234, 360
217, 360
200, 360
206, 360
194, 360
225, 360
244, 360
261, 360
305, 360
264, 360
205, 360
230, 360
186, 360
216, 360
240, 360
235, 360
238, 360
224, 360
241, 360
230, 360
263, 360
226, 360
249, 360
208, 360
177, 360
224, 360
255, 360
231, 360
197, 360
226, 360
245, 360
259, 360
223, 360
222, 360
285, 360
266, 360
222, 360
253, 360
253, 360
268, 360
274, 360
235, 360
223, 360
232, 360
266, 360
246, 360
258, 360
234, 360
228, 360
233, 360
172, 360
186, 360
192, 360
214, 360
208, 360
184, 360
222, 360
236, 360
231, 360
244, 360
185, 360
213, 360
208, 360
194, 360
192, 360
163, 360
188, 360
170, 360
197, 360
146, 360
171, 360
204, 360
184, 360
171, 360
149, 360
178, 360
154, 360
143, 360
143, 360
132, 360
143, 360
152, 360
235, 360
144, 360
156, 360
120, 360
165, 360
147, 360
146, 360
107, 360
128, 360
163, 360
97, 360
166, 360
173, 360
152, 360
151, 360
169, 360
185, 360
126, 360
128, 360
187, 360
146, 360
181, 360
149, 360
163, 360
167, 360
125, 360
176, 360
161, 360
131, 360
161, 360
140, 360
170, 360
165, 360
167, 360
139, 360
130, 360
121, 360
127, 360
120, 360
126, 360
147, 360
141, 360
135, 360
116, 360
113, 360
77, 360
149, 360
121, 360
163, 360
135, 360
125, 360
121, 360
154, 360
124, 360
126, 360
158, 360
135, 360
100, 360
135, 360
141, 360
101, 360
131, 360
142, 360
169, 360
128, 360
153, 360
139, 360
141, 360
152, 360
198, 360
138, 360
197, 360
117, 360
104, 360
155, 360
133, 360
124, 360
216, 360
213, 360
189, 360
171, 360
223, 360
187, 360
169, 360
182, 360
196, 360
174, 360
141, 360
191, 360
215, 360
196, 360
150, 360
146, 360
129, 360
131, 360
150, 360
160, 360
131, 360
166, 360
160, 360
146, 360
125, 360
127, 360
169, 360
118, 360
189, 360
157, 360
138, 360
196, 360
129, 360
141, 360
129, 360
172, 360
183, 360
153, 360
139, 360
115, 360
125, 360
147, 360
120, 360
121, 360
137, 360
124, 360
86, 360
135, 360
127, 360
136, 360
111, 360
94, 360
157, 360
61, 360
85, 360
130, 360
137, 360
92, 360
112, 360
122, 360
117, 360
65, 360
84, 360
86, 360
113, 360
156, 360
124, 360
176, 360
94, 360
98, 360
116, 360
88, 360
135, 360
61, 360
123, 360
118, 360
114, 360
109, 360
174, 360
146, 360
166, 360
132, 360
104, 360
101, 360
115, 360
68, 360
101, 360
92, 360
58, 360
123, 360
111, 360
102, 360
87, 360
149, 360
163, 360
73, 360
46, 360
82, 360
83, 360
91, 360
162, 360
136, 360
116, 360
114, 360
132, 360
115, 360
86, 360
138, 360
165, 360
155, 360
137, 360
157, 360
125, 360
72, 360
99, 360
114, 360
103, 360
94, 360
150, 360
132, 360
108, 360
125, 360
165, 360
106, 360
176, 360
124, 360
144, 360
173, 360
183, 360
171, 360
195, 360
148, 360
98, 360
166, 360
179, 360
150, 360
175, 360
221, 360
196, 360
154, 360
124, 360
103, 360
166, 360
164, 360
109, 360
188, 360
109, 360
186, 360
152, 360
155, 360
131, 360
163, 360
118, 360
139, 360
148, 360
216, 360
188, 360
161, 360
190, 360
159, 360
154, 360
203, 360
150, 360
126, 360
181, 360
165, 360
185, 360
175, 360
168, 360
174, 360
109, 360
97, 360
105, 360
78, 360
105, 360
87, 360
164, 360
118, 360
91, 360
90, 360
107, 360
83, 360
70, 360
113, 360
130, 360
112, 360
100, 360
146, 360
144, 360
86, 360
109, 360
149, 360
61, 360
168, 360
99, 360
114, 360
116, 360
108, 360
143, 360
123, 360
106, 360
128, 360
91, 360
125, 360
92, 360
91, 360
141, 360
111, 360
74, 360
112, 360
79, 360
104, 360
114, 360
100, 360
110, 360
153, 360
133, 360
127, 360
88, 360
125, 360
139, 360
144, 360
124, 360
105, 360
133, 360
160, 360
126, 360
122, 360
156, 360
101, 360
89, 360
88, 360
99, 360
140, 360
145, 360
125, 360
155, 360
97, 360
74, 360
130, 360

